Date,High,Low,Open,Close,Volume,Adj Close
2015-10-19,10.752330780029297,9.578292846679688,10.752330780029297,9.618976593017578,2721200.0,8.821755409240723
2015-10-20,9.839835166931152,9.44461441040039,9.44461441040039,9.804963111877441,1220800.0,8.992325782775879
2015-10-21,10.083942413330078,9.531795501708984,10.025821685791016,9.578292846679688,135200.0,8.784442901611328
2015-10-22,9.90958023071289,9.438802719116211,9.711970329284668,9.851459503173828,189200.0,9.0349702835083
2015-10-23,10.025821685791016,9.793338775634766,10.025821685791016,9.88051986694336,102900.0,9.061622619628906
2015-10-26,9.944453239440918,9.479487419128418,9.944453239440918,9.54341983795166,885600.0,8.752460479736328
2015-10-27,9.735218048095703,9.0668306350708,9.624789237976074,9.142387390136719,1094200.0,8.38466739654541
2015-10-28,9.502735137939453,9.20922565460205,9.241191864013672,9.462051391601562,509700.0,8.677835464477539
2015-10-29,9.456238746643066,9.03777027130127,9.30512523651123,9.270252227783203,499600.0,8.501934051513672
2015-10-30,9.357433319091797,8.555368423461914,9.241191864013672,8.555368423461914,4214100.0,7.846298694610596
2015-11-02,8.816910743713379,8.055529594421387,8.71229362487793,8.421689987182617,70312600.0,7.72369909286499
2015-11-03,8.549555778503418,7.948006629943848,8.177583694458008,8.3461332321167,69176300.0,7.654404640197754
2015-11-04,8.433314323425293,7.910228252410889,8.363569259643555,7.93928861618042,54241800.0,7.281279563903809
2015-11-05,8.072966575622559,7.625436782836914,7.927664279937744,7.718430042266846,38179900.0,7.078726768493652
2015-11-06,8.415878295898438,7.6428728103637695,7.660309314727783,8.36938190460205,51702600.0,7.6757283210754395
2015-11-09,8.415878295898438,8.212455749511719,8.288012504577637,8.253140449523926,30158000.0,7.56912088394165
2015-11-10,8.392629623413086,8.14271068572998,8.212455749511719,8.37519359588623,25426000.0,7.681055545806885
2015-11-11,8.317072868347168,8.189207077026367,8.253140449523926,8.200831413269043,18942200.0,7.521144866943359
2015-11-12,8.032281875610352,7.898603916168213,8.026469230651855,7.962536811828613,35050600.0,7.302600860595703
2015-11-13,7.997409343719482,7.6428728103637695,7.910228252410889,7.782362461090088,25678400.0,7.137359619140625
2015-11-16,7.910228252410889,7.637060642242432,7.77073860168457,7.77655029296875,23712100.0,7.132028579711914
2015-11-17,7.84048318862915,7.625436782836914,7.77655029296875,7.683557510375977,21370500.0,7.046744346618652
2015-11-18,7.979972839355469,7.665539741516113,7.8346710205078125,7.927664279937744,22402400.0,7.270618438720703
2015-11-19,8.072966575622559,7.857919692993164,7.863731384277344,8.009033203125,22662200.0,7.345243453979492
2015-11-20,8.503059387207031,7.9509124755859375,8.009033203125,8.258952140808105,31932300.0,7.5744500160217285
2015-11-23,8.258952140808105,7.886980056762695,8.23570442199707,8.049717903137207,26354200.0,7.382556915283203
2015-11-24,8.151429176330566,7.846295356750488,7.892791748046875,7.956724643707275,41484100.0,7.297269344329834
2015-11-25,8.636736869812012,8.043906211853027,8.084589958190918,8.206644058227539,39017100.0,7.52647590637207
2015-11-27,8.508871078491211,8.165959358215332,8.206644058227539,8.34032154083252,10395000.0,7.649074554443359
2015-11-30,8.718106269836426,8.24151611328125,8.270576477050781,8.636736869812012,50075500.0,7.920921802520752
2015-12-01,9.229568481445312,8.630925178527832,8.648361206054688,9.07264232635498,43197200.0,8.320701599121094
2015-12-02,9.031957626342773,8.642549514770508,8.933152198791504,8.689045906066895,21818500.0,7.968896865844727
2015-12-03,8.915716171264648,8.4739990234375,8.718106269836426,8.497247695922852,32527300.0,7.792994499206543
2015-12-04,8.889561653137207,8.276388168334961,8.363569259643555,8.84597110748291,20648400.0,8.112815856933594
2015-12-07,8.997085571289062,8.671609878540039,8.718106269836426,8.979649543762207,16424400.0,8.286938667297363
2015-12-08,8.886655807495117,8.497247695922852,8.770414352416992,8.816910743713379,19988600.0,8.136754989624023
2015-12-09,8.94477653503418,8.532119750976562,8.71229362487793,8.630925178527832,24538300.0,7.96511697769165
2015-12-10,8.60767650604248,8.444938659667969,8.596052169799805,8.555368423461914,17466200.0,7.895389556884766
2015-12-11,8.950589179992676,8.218267440795898,8.71229362487793,8.24151611328125,18265700.0,7.605747699737549
2015-12-14,8.427502632141113,8.090402603149414,8.311261177062988,8.392629623413086,19834700.0,7.745203971862793
2015-12-15,8.70648193359375,8.418784141540527,8.433314323425293,8.462374687194824,22175600.0,7.809570789337158
2015-12-16,8.60767650604248,8.456562995910645,8.497247695922852,8.543744087219238,13490800.0,7.8846611976623535
2015-12-17,8.555368423461914,8.264764785766602,8.491435050964355,8.317072868347168,13118600.0,7.67547607421875
2015-12-18,8.360663414001465,8.1368989944458,8.293825149536133,8.229891777038574,33271400.0,7.595020294189453
2015-12-21,8.36938190460205,8.061342239379883,8.206644058227539,8.148523330688477,16970300.0,7.519927978515625
2015-12-22,8.218267440795898,8.090402603149414,8.160146713256836,8.171771049499512,12547100.0,7.541383266448975
2015-12-23,8.700669288635254,8.165959358215332,8.24732780456543,8.665797233581543,19359600.0,7.997300624847412
2015-12-24,8.816910743713379,8.596052169799805,8.60767650604248,8.729729652404785,3748100.0,8.056299209594727
2015-12-28,8.880844116210938,8.613489151000977,8.654172897338867,8.851783752441406,10203800.0,8.168939590454102
2015-12-29,8.97209358215332,8.822723388671875,8.886655807495117,8.83434772491455,10797800.0,8.15284538269043
2015-12-30,8.997085571289062,8.80528736114502,8.886655807495117,8.880844116210938,10796700.0,8.195757865905762
2015-12-31,8.898280143737793,8.776226997375488,8.851783752441406,8.83434772491455,11420500.0,8.15284538269043
2016-01-04,8.80528736114502,8.566991806030273,8.700669288635254,8.793663024902344,25940400.0,8.115299224853516
2016-01-05,8.863408088684082,8.683233261108398,8.793663024902344,8.735542297363281,17770100.0,8.061663627624512
2016-01-06,8.718106269836426,8.433314323425293,8.497247695922852,8.6018648147583,19468100.0,7.93829870223999
2016-01-07,8.462374687194824,7.933476448059082,8.427502632141113,7.968348979949951,34143900.0,7.353653907775879
2016-01-08,8.148523330688477,7.735866069793701,8.00322151184082,7.869543552398682,28272000.0,7.262470245361328
2016-01-11,7.968348979949951,7.596376419067383,7.805610656738281,7.70680570602417,25998800.0,7.112286567687988
2016-01-12,7.799798965454102,7.6080002784729,7.7591142654418945,7.70680570602417,21435500.0,7.112286567687988
2016-01-13,7.7591142654418945,7.282524585723877,7.7591142654418945,7.4103899002075195,30489600.0,6.838736534118652
2016-01-14,7.654497146606445,7.352269172668457,7.4103899002075195,7.555691719055176,22973700.0,6.972829818725586
2016-01-15,7.439450263977051,7.259276390075684,7.323208808898926,7.288336753845215,33849000.0,6.726099014282227
2016-01-19,7.427826404571533,7.090726375579834,7.369705677032471,7.160470962524414,22239600.0,6.608096599578857
2016-01-20,7.090726375579834,6.756532192230225,6.974484920501709,7.00935697555542,28630200.0,6.468639850616455
2016-01-21,7.288336753845215,6.869867324829102,6.974484920501709,7.212779521942139,28784100.0,6.656370162963867
2016-01-22,7.805610656738281,7.352269172668457,7.381329536437988,7.7591142654418945,26272600.0,7.160558700561523
2016-01-25,7.8753557205200195,7.625436782836914,7.724241733551025,7.753302097320557,19241600.0,7.1551947593688965
2016-01-26,7.977066993713379,7.7591142654418945,7.7591142654418945,7.904416084289551,18454700.0,7.294651508331299
2016-01-27,7.910228252410889,7.529537677764893,7.863731384277344,7.782362461090088,31803600.0,7.182014465332031
2016-01-28,7.962536811828613,7.596376419067383,7.817234992980957,7.666121006011963,16989400.0,7.0747389793396
2016-01-29,8.067153930664062,7.7591142654418945,7.793986797332764,7.997409343719482,19548700.0,7.380471706390381
2016-02-01,8.067153930664062,7.863731384277344,7.945100784301758,8.014845848083496,16430600.0,7.3965630531311035
2016-02-02,8.119462966918945,7.764926433563232,7.962536811828613,7.817234992980957,16650600.0,7.214196681976318
2016-02-03,8.00322151184082,7.619624614715576,7.93928861618042,7.77073860168457,12995300.0,7.1712870597839355
2016-02-04,8.072966575622559,7.735866069793701,7.735866069793701,8.049717903137207,11181900.0,7.428745269775391
2016-02-05,7.9915971755981445,7.576034069061279,7.956724643707275,7.671933174133301,22758900.0,7.080104351043701
2016-02-08,7.584752082824707,7.189531326293945,7.555691719055176,7.270900249481201,25491500.0,6.710007667541504
2016-02-09,7.47432279586792,7.154658794403076,7.189531326293945,7.392953872680664,11504400.0,6.822646141052246
2016-02-10,7.596376419067383,7.387141704559326,7.422014236450195,7.47432279586792,10292600.0,6.897738456726074
2016-02-11,7.363893508911133,6.983202934265137,7.30577278137207,7.206967830657959,16920400.0,6.65100622177124
2016-02-12,7.433638572692871,7.079102039337158,7.265088081359863,7.143034934997559,18150700.0,6.592004299163818
2016-02-16,7.259276390075684,7.131410598754883,7.212779521942139,7.166283130645752,20606800.0,6.613460540771484
2016-02-17,7.637060642242432,7.189531326293945,7.201155662536621,7.567316055297852,14910600.0,6.983556747436523
2016-02-18,7.962536811828613,7.567316055297852,7.584752082824707,7.863731384277344,20189000.0,7.257105827331543
2016-02-19,7.985785007476807,7.700993537902832,7.852107524871826,7.945100784301758,16197900.0,7.332198619842529
2016-02-22,8.067153930664062,7.886980056762695,7.9915971755981445,8.020657539367676,18505500.0,7.4019269943237305
2016-02-23,8.032281875610352,7.462698936462402,7.974161148071289,7.6080002784729,25200900.0,7.021102428436279
2016-02-24,7.886980056762695,7.451074600219727,7.555691719055176,7.863731384277344,22757500.0,7.257105827331543
2016-02-25,7.968348979949951,7.695181369781494,7.817234992980957,7.9509124755859375,20784000.0,7.337562084197998
2016-02-26,8.020657539367676,7.6428728103637695,8.009033203125,7.811422824859619,18624500.0,7.208833694458008
2016-02-29,7.8346710205078125,7.671933174133301,7.735866069793701,7.712617874145508,21932300.0,7.117649555206299
2016-03-01,7.828859329223633,7.6080002784729,7.799798965454102,7.718430042266846,14373700.0,7.123013973236084
2016-03-02,8.165959358215332,7.7591142654418945,7.77655029296875,8.078778266906738,17234100.0,7.455563545227051
2016-03-03,8.10783863067627,7.718430042266846,8.084589958190918,7.904416084289551,17256400.0,7.294651508331299
2016-03-04,9.206319808959961,8.613489151000977,8.659985542297363,8.973836898803711,57415700.0,8.281573295593262
2016-03-07,9.293500900268555,8.752978324890137,8.793663024902344,9.281876564025879,31792700.0,8.618675231933594
2016-03-08,9.17725944519043,8.83725357055664,9.154011726379395,8.851783752441406,21215200.0,8.219314575195312
2016-03-09,9.203413963317871,8.892468452453613,8.915716171264648,9.002897262573242,19045400.0,8.359628677368164
2016-03-10,9.421366691589355,9.020333290100098,9.03777027130127,9.241191864013672,24578200.0,8.58089542388916
2016-03-11,9.555044174194336,9.299312591552734,9.299312591552734,9.491111755371094,26984400.0,8.812960624694824
2016-03-14,9.630600929260254,9.322561264038086,9.41555404663086,9.53760814666748,16641800.0,8.856136322021484
2016-03-15,9.810774803161621,9.44461441040039,9.50854778289795,9.746842384338379,23974400.0,9.050420761108398
2016-03-16,10.01419734954834,9.64803695678711,9.711970329284668,9.990949630737305,21530900.0,9.277084350585938
2016-03-17,10.072318077087402,9.857272148132324,9.956076622009277,9.97351360321045,18699200.0,9.260893821716309
2016-03-18,10.217619895935059,9.927016258239746,9.979325294494629,10.072318077087402,53273300.0,9.352639198303223
2016-03-21,10.426855087280273,10.054882049560547,10.072318077087402,10.293176651000977,18463100.0,9.557717323303223
2016-03-22,10.508223533630371,10.078130722045898,10.118815422058105,10.176936149597168,19474000.0,9.44978141784668
2016-03-23,10.211808204650879,9.932828903198242,10.182747840881348,10.147875785827637,19674300.0,9.422799110412598
2016-03-24,10.252492904663086,9.944453239440918,10.118815422058105,10.211808204650879,15261200.0,9.482162475585938
2016-03-28,10.267023086547852,10.00838565826416,10.159499168395996,10.176936149597168,9518600.0,9.44978141784668
2016-03-29,10.275740623474121,10.00838565826416,10.095566749572754,10.258304595947266,10197000.0,9.525337219238281
2016-03-30,10.412324905395508,10.24668025970459,10.298989295959473,10.397794723510742,18156300.0,9.65485954284668
2016-03-31,10.438478469848633,10.176936149597168,10.368734359741211,10.304800987243652,17876200.0,9.568511009216309
2016-04-01,10.778485298156738,10.2059965133667,10.23505687713623,10.694210052490234,25550000.0,9.930097579956055
2016-04-04,10.723270416259766,10.421042442321777,10.723270416259766,10.484975814819336,13191400.0,9.735814094543457
2016-04-05,10.409418106079102,10.2059965133667,10.386170387268066,10.23505687713623,14280500.0,9.50374984741211
2016-04-06,10.450102806091309,10.147875785827637,10.258304595947266,10.438478469848633,17879800.0,9.692636489868164
2016-04-07,10.484975814819336,10.2437744140625,10.33967399597168,10.310613632202148,16196800.0,9.5739107131958
2016-04-08,10.633183479309082,10.351297378540039,10.37454605102539,10.397794723510742,12525200.0,9.65485954284668
2016-04-11,10.496599197387695,10.264116287231445,10.432666778564453,10.304800987243652,10114200.0,9.568511009216309
2016-04-12,10.322237014770508,9.985136985778809,10.293176651000977,10.020009994506836,15119900.0,9.304067611694336
2016-04-13,10.176936149597168,9.967700958251953,10.049070358276367,10.171123504638672,14182800.0,9.444384574890137
2016-04-14,10.11300277709961,9.915392875671387,10.089755058288574,10.031634330749512,11503900.0,9.314860343933105
2016-04-15,10.159499168395996,9.793338775634766,10.118815422058105,10.11300277709961,20409100.0,9.390417098999023
2016-04-18,10.162405967712402,9.961889266967773,10.00257396697998,10.136251449584961,9735000.0,9.412004470825195
2016-04-19,10.159499168395996,9.967700958251953,10.147875785827637,10.020009994506836,11079800.0,9.304067611694336
2016-04-20,10.171123504638672,9.921204566955566,9.921204566955566,10.11300277709961,9359900.0,9.390417098999023
2016-04-21,10.310613632202148,10.066506385803223,10.078130722045898,10.147875785827637,10272200.0,9.422799110412598
2016-04-22,10.287364959716797,10.072318077087402,10.136251449584961,10.165311813354492,13692100.0,9.438989639282227
2016-04-25,10.118815422058105,9.77590274810791,10.089755058288574,10.00257396697998,10051600.0,9.287877082824707
2016-04-26,10.150781631469727,10.01419734954834,10.025821685791016,10.089755058288574,10813800.0,9.368830680847168
2016-04-27,10.182747840881348,10.025821685791016,10.054882049560547,10.060694694519043,10948800.0,9.341845512390137
2016-04-28,10.10428524017334,9.834023475646973,9.979325294494629,9.897955894470215,8237200.0,9.190736770629883
2016-04-29,9.828211784362793,9.595728874206543,9.816587448120117,9.682909965515137,12195300.0,8.991053581237793
2016-05-02,9.735218048095703,9.462051391601562,9.682909965515137,9.531795501708984,14557900.0,8.850736618041992
2016-05-03,9.44461441040039,9.17144775390625,9.432991027832031,9.258628845214844,19039000.0,8.597089767456055
2016-05-04,9.299312591552734,9.113327026367188,9.183072090148926,9.258628845214844,11420700.0,8.597089767456055
2016-05-05,9.281876564025879,9.090078353881836,9.270252227783203,9.136574745178223,6054900.0,8.48375415802002
2016-05-06,9.217944145202637,9.04358196258545,9.084266662597656,9.17144775390625,8574500.0,8.516136169433594
2016-05-09,9.2760648727417,9.107514381408691,9.130763053894043,9.217944145202637,8505200.0,8.559311866760254
2016-05-10,9.241191864013672,9.07264232635498,9.235380172729492,9.235380172729492,8192700.0,8.575502395629883
2016-05-11,9.50564193725586,9.229568481445312,9.235380172729492,9.31093692779541,11132300.0,8.645659446716309
2016-05-12,9.380681991577148,9.214456558227539,9.351621627807617,9.241191864013672,9321700.0,8.58089542388916
2016-05-13,9.366151809692383,9.119138717651367,9.241191864013672,9.165635108947754,11680700.0,8.510740280151367
2016-05-16,9.354527473449707,9.130763053894043,9.159823417663574,9.2760648727417,15174200.0,8.613277435302734
2016-05-17,9.41555404663086,9.119138717651367,9.229568481445312,9.194695472717285,25107300.0,8.537723541259766
2016-05-18,9.258628845214844,9.017427444458008,9.17725944519043,9.107514381408691,11315200.0,8.456771850585938
2016-05-19,9.17725944519043,8.93896484375,9.014521598815918,9.17144775390625,11501700.0,8.516136169433594
2016-05-20,9.293500900268555,9.101702690124512,9.159823417663574,9.223755836486816,15455400.0,8.56470775604248
2016-05-23,9.456238746643066,9.223755836486816,9.229568481445312,9.339997291564941,14882500.0,8.672643661499023
2016-05-24,9.496923446655273,9.293500900268555,9.357433319091797,9.44461441040039,21613600.0,8.769784927368164
2016-05-25,10.752330780029297,9.950264930725098,10.653525352478027,10.083942413330078,75418400.0,9.363432884216309
2016-05-26,10.281553268432617,9.787527084350586,9.88051986694336,10.10719108581543,37392900.0,9.385021209716797
2016-05-27,10.659337997436523,10.147875785827637,10.147875785827637,10.61284065246582,39493400.0,9.85453987121582
2016-05-31,10.734894752502441,10.322237014770508,10.461727142333984,10.734894752502441,42932800.0,9.967873573303223
2016-06-01,10.682585716247559,10.543096542358398,10.641901016235352,10.630277633666992,21150900.0,9.870732307434082
2016-06-02,10.769766807556152,10.519847869873047,10.543096542358398,10.752330780029297,23508300.0,9.984064102172852
2016-06-03,10.752330780029297,10.624464988708496,10.694210052490234,10.665149688720703,15976100.0,9.903111457824707
2016-06-06,11.025498390197754,10.624464988708496,10.624464988708496,10.984813690185547,22094100.0,10.252808570861816
2016-06-07,11.185330390930176,10.909256935119629,10.94994068145752,11.135927200317383,24580100.0,10.393852233886719
2016-06-08,11.403282165527344,11.159175872802734,11.199860572814941,11.246356964111328,27220300.0,10.496923446655273
2016-06-09,11.420719146728516,11.234732627868652,11.269604682922363,11.362598419189453,16130800.0,10.605419158935547
2016-06-10,11.234732627868652,10.984813690185547,11.223108291625977,11.112679481506348,16914200.0,10.372156143188477
2016-06-13,11.130115509033203,10.798827171325684,11.048746109008789,10.81045150756836,17458700.0,10.090065956115723
2016-06-14,10.833699226379395,10.586687088012695,10.734894752502441,10.641901016235352,24700400.0,9.932744979858398
2016-06-15,11.07780647277832,10.700021743774414,10.71164608001709,10.926692962646484,20590800.0,10.198562622070312
2016-06-16,10.94412899017334,10.795921325683594,10.856947898864746,10.84532356262207,21213200.0,10.122613906860352
2016-06-17,11.048746109008789,10.746519088745117,10.804638862609863,11.008061408996582,28631900.0,10.274507522583008
2016-06-20,11.397470474243164,11.135927200317383,11.17080020904541,11.263792991638184,27304300.0,10.513197898864746
2016-06-21,11.53696060180664,11.194047927856445,11.281229019165039,11.484651565551758,19885600.0,10.719340324401855
2016-06-22,11.484651565551758,11.153363227844238,11.426530838012695,11.164987564086914,18191900.0,10.420976638793945
2016-06-23,11.44396686553955,11.240544319152832,11.257981300354004,11.420719146728516,17522700.0,10.65966796875
2016-06-24,11.089430809020996,10.525659561157227,10.816263198852539,10.554719924926758,43737700.0,9.851375579833984
2016-06-27,10.467538833618164,9.860177993774414,10.461727142333984,9.996761322021484,31383400.0,9.330597877502441
2016-06-28,10.217619895935059,9.941546440124512,10.171123504638672,10.11300277709961,23461000.0,9.439093589782715
2016-06-29,10.409418106079102,10.232150077819824,10.310613632202148,10.333861351013184,14211600.0,9.645235061645508
2016-06-30,10.752330780029297,10.391982078552246,10.415230751037598,10.618653297424316,21494300.0,9.911048889160156
2016-07-01,10.833699226379395,10.548908233642578,10.734894752502441,10.746519088745117,15361900.0,10.030393600463867
2016-07-05,10.71164608001709,10.426855087280273,10.688398361206055,10.57796859741211,10555200.0,9.873076438903809
2016-07-06,10.71164608001709,10.415230751037598,10.461727142333984,10.694210052490234,12498900.0,9.981573104858398
2016-07-07,10.874383926391602,10.659337997436523,10.659337997436523,10.734894752502441,10799800.0,10.01954460144043
2016-07-08,11.066182136535645,10.795921325683594,10.903444290161133,11.066182136535645,18751400.0,10.328756332397461
2016-07-11,11.31319522857666,11.124302864074707,11.130115509033203,11.240544319152832,17483700.0,10.491497039794922
2016-07-12,11.566020965576172,11.292853355407715,11.292853355407715,11.44396686553955,22280200.0,10.681365966796875
2016-07-13,11.484651565551758,11.217296600341797,11.44396686553955,11.333538055419922,11816000.0,10.578295707702637
2016-07-14,11.720622062683105,11.403282165527344,11.403282165527344,11.618329048156738,25670900.0,10.844107627868652
2016-07-15,11.722946166992188,11.44396686553955,11.670638084411621,11.490463256835938,15047000.0,10.724763870239258
2016-07-18,11.612517356872559,11.420719146728516,11.461402893066406,11.502087593078613,10118300.0,10.735614776611328
2016-07-19,11.589268684387207,11.438155174255371,11.44396686553955,11.502087593078613,9522700.0,10.735614776611328
2016-07-20,11.670638084411621,11.464309692382812,11.50790023803711,11.659013748168945,9143000.0,10.882081985473633
2016-07-21,11.717134475708008,11.452685356140137,11.64157772064209,11.478839874267578,15580200.0,10.71391487121582
2016-07-22,11.653202056884766,11.473027229309082,11.519523620605469,11.653202056884766,14395000.0,10.876656532287598
2016-07-25,11.90893268585205,11.734570503234863,11.827564239501953,11.746194839477539,16714900.0,10.963454246520996
2016-07-26,11.891496658325195,11.708415985107422,11.734570503234863,11.8856840133667,13674200.0,11.093647956848145
2016-07-27,12.01064395904541,11.774092674255371,11.91474437713623,11.827564239501953,11275200.0,11.039401054382324
2016-07-28,11.87406063079834,11.711322784423828,11.798503875732422,11.804315567016602,7497200.0,11.017701148986816
2016-07-29,12.728434562683105,11.682262420654297,11.810127258300781,12.216972351074219,54130200.0,11.402859687805176
2016-08-01,12.548260688781738,11.990302085876465,12.286717414855957,12.251845359802246,23908200.0,11.435408592224121
2016-08-02,12.263468742370605,11.999019622802734,12.222784996032715,12.071670532226562,18970300.0,11.267239570617676
2016-08-03,12.507575988769531,12.019362449645996,12.071670532226562,12.501764297485352,23912300.0,11.668675422668457
2016-08-04,12.740058898925781,12.47270393371582,12.48432731628418,12.647066116333008,15358400.0,11.804292678833008
2016-08-05,12.902796745300293,12.652877807617188,12.693562507629395,12.734247207641602,16329900.0,11.885665893554688
2016-08-08,12.885360717773438,12.542448043823242,12.786555290222168,12.58313274383545,13379300.0,11.744621276855469
2016-08-09,12.70518684387207,12.565696716308594,12.629629135131836,12.61219310760498,13865200.0,11.771743774414062
2016-08-10,12.641253471374512,12.455266952514648,12.629629135131836,12.525012016296387,9788900.0,11.690372467041016
2016-08-11,12.70518684387207,12.507575988769531,12.548260688781738,12.658689498901367,13035900.0,11.815143585205078
2016-08-12,12.763307571411133,12.493045806884766,12.600568771362305,12.722622871398926,18171200.0,11.87481689453125
2016-08-15,12.896985054016113,12.728434562683105,12.745870590209961,12.792367935180664,12316500.0,11.939911842346191
2016-08-16,12.885360717773438,12.676126480102539,12.728434562683105,12.824334144592285,10498100.0,11.969749450683594
2016-08-17,12.896985054016113,12.48432731628418,12.821428298950195,12.57732105255127,16809000.0,11.739195823669434
2016-08-18,12.722622871398926,12.519200325012207,12.519200325012207,12.70518684387207,11558800.0,11.858540534973145
2016-08-19,12.763307571411133,12.635441780090332,12.658689498901367,12.71681022644043,10394300.0,11.869388580322266
2016-08-22,12.772025108337402,12.571508407592773,12.681938171386719,12.751683235168457,7638400.0,11.901939392089844
2016-08-23,12.827239990234375,12.71390438079834,12.803991317749023,12.745870590209961,13619000.0,11.896512031555176
2016-08-24,12.8156156539917,12.594757080078125,12.740058898925781,12.6063814163208,7765100.0,11.766318321228027
2016-08-25,12.748777389526367,12.466891288757324,12.571508407592773,12.693562507629395,12335300.0,11.847691535949707
2016-08-26,12.83886432647705,12.559885025024414,12.728434562683105,12.658689498901367,9102400.0,11.815143585205078
2016-08-29,12.862112045288086,12.629629135131836,12.647066116333008,12.693562507629395,10135500.0,11.847691535949707
2016-08-30,12.763307571411133,12.466891288757324,12.693562507629395,12.542448043823242,15767100.0,11.706646919250488
2016-08-31,12.600568771362305,12.298341751098633,12.519200325012207,12.48432731628418,16448100.0,11.652398109436035
2016-09-01,12.972541809082031,12.251845359802246,12.455266952514648,12.879549026489258,32542600.0,12.021284103393555
2016-09-02,12.960917472839355,12.751683235168457,12.885360717773438,12.908608436584473,11299600.0,12.048406600952148
2016-09-06,12.891172409057617,12.641253471374512,12.891172409057617,12.70518684387207,14693100.0,11.858540534973145
2016-09-07,12.972541809082031,12.501764297485352,12.792367935180664,12.83886432647705,35346700.0,11.983308792114258
2016-09-08,12.902796745300293,12.391334533691406,12.786555290222168,12.426206588745117,50322900.0,11.598151206970215
2016-09-09,12.478515625,12.158851623535156,12.292529106140137,12.158851623535156,27124500.0,11.348612785339355
2016-09-12,12.446549415588379,11.990302085876465,12.042610168457031,12.37389850616455,21937300.0,11.549327850341797
2016-09-13,12.420394897460938,12.234408378601074,12.263468742370605,12.298341751098633,20650900.0,11.478805541992188
2016-09-14,12.446549415588379,12.257657051086426,12.280905723571777,12.414583206176758,18886100.0,11.587301254272461
2016-09-15,12.867924690246582,12.37389850616455,12.391334533691406,12.862112045288086,22183400.0,12.005008697509766
2016-09-16,12.972541809082031,12.763307571411133,12.827239990234375,12.937668800354004,28129400.0,12.075531005859375
2016-09-19,13.367762565612793,12.995789527893066,13.001602172851562,13.18177604675293,20660200.0,12.303370475769043
2016-09-20,13.335796356201172,13.146903991699219,13.225366592407227,13.146903991699219,16634900.0,12.27082347869873
2016-09-21,13.437507629394531,13.117843627929688,13.135279655456543,13.437507629394531,18368700.0,12.542060852050781
2016-09-22,13.675802230834961,13.44913101196289,13.44913101196289,13.507251739501953,17617000.0,12.607156753540039
2016-09-23,13.521781921386719,13.31545352935791,13.443319320678711,13.356138229370117,12469000.0,12.46611499786377
2016-09-26,13.347420692443848,13.158528327941895,13.286393165588379,13.245709419250488,13948600.0,12.363041877746582
2016-09-27,13.382292747497559,13.1126127243042,13.187588691711426,13.321266174316406,22581800.0,12.433565139770508
2016-09-28,13.478191375732422,13.263145446777344,13.367762565612793,13.391011238098145,12168800.0,12.498663902282715
2016-09-29,13.54793643951416,13.295111656188965,13.344513893127441,13.30964183807373,15577000.0,12.422717094421387
2016-09-30,13.536312103271484,13.129467964172363,13.41425895690918,13.222460746765137,27890300.0,12.341343879699707
2016-10-03,13.271862983703613,13.106219291687012,13.129467964172363,13.164340019226074,20113200.0,12.28709602355957
2016-10-04,13.327077865600586,12.937668800354004,13.18177604675293,13.013226509094238,15717000.0,12.146052360534668
2016-10-05,13.292205810546875,13.053910255432129,13.053910255432129,13.251521110534668,12511100.0,12.36846923828125
2016-10-06,13.2805814743042,13.152715682983398,13.216649055480957,13.18177604675293,11269900.0,12.303370475769043
2016-10-07,13.193400382995605,12.885360717773438,13.17596435546875,12.984166145324707,16110500.0,12.148393630981445
2016-10-10,13.187588691711426,13.04228687286377,13.065534591674805,13.07715892791748,15833100.0,12.287447929382324
2016-10-11,13.07715892791748,12.725528717041016,13.07715892791748,12.774930953979492,17394200.0,12.003471374511719
2016-10-12,12.856300354003906,12.670313835144043,12.833051681518555,12.786555290222168,13356200.0,12.014392852783203
2016-10-13,12.757494926452637,12.47270393371582,12.658689498901367,12.647066116333008,23763600.0,11.88332748413086
2016-10-14,12.757494926452637,12.48142147064209,12.519200325012207,12.513387680053711,23332900.0,11.757722854614258
2016-10-17,12.6063814163208,12.327402114868164,12.495951652526855,12.362274169921875,20037200.0,11.615735054016113
2016-10-18,12.548260688781738,12.263468742370605,12.519200325012207,12.478515625,20106300.0,11.724955558776855
2016-10-19,12.769119262695312,12.525012016296387,12.559885025024414,12.629629135131836,30091800.0,11.866942405700684
2016-10-20,12.734247207641602,12.519200325012207,12.571508407592773,12.71681022644043,18222800.0,11.948861122131348
2016-10-21,12.629629135131836,12.466891288757324,12.61219310760498,12.571508407592773,20590300.0,11.812333106994629
2016-10-24,12.664502143859863,12.548260688781738,12.600568771362305,12.600568771362305,15560800.0,11.839638710021973
2016-10-25,12.61219310760498,12.432019233703613,12.600568771362305,12.554072380065918,15908500.0,11.795950889587402
2016-10-26,12.676126480102539,12.478515625,12.513387680053711,12.670313835144043,13082500.0,11.905171394348145
2016-10-27,13.013226509094238,12.71681022644043,12.71681022644043,12.896985054016113,21757400.0,12.118155479431152
2016-10-28,13.0713472366333,12.786555290222168,12.902796745300293,12.885360717773438,12916500.0,12.107231140136719
2016-10-31,13.088783264160156,12.914421081542969,12.931857109069824,13.059722900390625,14006700.0,12.271065711975098
2016-11-01,13.112030982971191,12.652877807617188,13.030662536621094,12.833051681518555,12696200.0,12.05808162689209
2016-11-02,12.885360717773438,12.71099853515625,12.80980396270752,12.798179626464844,14294800.0,12.02531623840332
2016-11-03,12.891172409057617,12.647066116333008,12.827239990234375,12.670313835144043,12041500.0,11.905171394348145
2016-11-04,13.018457412719727,12.507575988769531,12.57732105255127,12.80980396270752,13275900.0,12.036236763000488
2016-11-07,13.478191375732422,13.001602172851562,13.007413864135742,13.431694984436035,18590000.0,12.620573997497559
2016-11-08,13.65255355834961,13.30383014678955,13.431694984436035,13.507251739501953,21986700.0,12.691567420959473
2016-11-09,13.687426567077637,12.995789527893066,13.04228687286377,13.501440048217773,26421600.0,12.686107635498047
2016-11-10,13.768795013427734,13.31545352935791,13.571185111999512,13.408447265625,22441600.0,12.598731994628906
2016-11-11,13.588621139526367,13.321266174316406,13.379386901855469,13.54793643951416,16251300.0,12.72979736328125
2016-11-14,13.728111267089844,13.408447265625,13.571185111999512,13.571185111999512,21289300.0,12.751639366149902
2016-11-15,13.675802230834961,13.44913101196289,13.64093017578125,13.606057167053223,25421900.0,12.784407615661621
2016-11-16,13.7455472946167,13.489815711975098,13.54793643951416,13.675802230834961,19870700.0,12.849939346313477
2016-11-17,13.757171630859375,13.518876075744629,13.64093017578125,13.716486930847168,18754800.0,12.888168334960938
2016-11-18,13.861788749694824,13.524688720703125,13.768214225769043,13.54793643951416,28549500.0,12.72979736328125
2016-11-21,13.687426567077637,13.257332801818848,13.611869812011719,13.437507629394531,40098200.0,12.626036643981934
2016-11-22,13.565372467041016,13.138185501098633,13.425883293151855,13.292205810546875,41580100.0,12.489508628845215
2016-11-23,13.733922958374023,13.059722900390625,13.193400382995605,13.687426567077637,37097600.0,12.860860824584961
2016-11-25,13.594432830810547,13.199212074279785,13.379386901855469,13.495628356933594,18320000.0,12.680646896362305
2016-11-28,13.594432830810547,13.298017501831055,13.350326538085938,13.565372467041016,37604300.0,12.74618148803711
2016-11-29,13.890849113464355,13.495628356933594,13.495628356933594,13.797855377197266,24233000.0,12.964625358581543
2016-11-30,13.887943267822266,13.733922958374023,13.826915740966797,13.832728385925293,24902000.0,12.997390747070312
2016-12-01,13.890849113464355,13.559560775756836,13.821104049682617,13.582809448242188,20974300.0,12.762563705444336
2016-12-02,13.890849113464355,13.565372467041016,13.576996803283691,13.861788749694824,12629100.0,13.02469539642334
2016-12-05,14.076834678649902,13.850164413452148,13.902473449707031,14.071022987365723,17673800.0,13.221295356750488
2016-12-06,14.053586959838867,13.88503646850586,14.041962623596191,13.925721168518066,16941100.0,13.084768295288086
2016-12-07,14.408123016357422,13.838540077209473,13.855976104736328,14.34419059753418,28028700.0,13.47796630859375
2016-12-08,14.408123016357422,14.24538516998291,14.326754570007324,14.320941925048828,12216200.0,13.456121444702148
2016-12-09,14.396498680114746,14.134955406188965,14.274445533752441,14.24538516998291,22907500.0,13.385128021240234
2016-12-12,14.076834678649902,13.77460765838623,14.001277923583984,13.890849113464355,21249800.0,13.11182975769043
2016-12-13,14.076834678649902,13.803668022155762,13.855976104736328,13.908285140991211,18690500.0,13.128287315368652
2016-12-14,14.169828414916992,13.792043685913086,13.797855377197266,13.902473449707031,16920100.0,13.122801780700684
2016-12-15,13.8734130859375,13.757171630859375,13.861788749694824,13.792043685913086,27706200.0,13.018563270568848
2016-12-16,13.824009895324707,13.588621139526367,13.733922958374023,13.65255355834961,35485000.0,12.886897087097168
2016-12-19,13.890849113464355,13.611869812011719,13.611869812011719,13.792043685913086,11699600.0,13.018563270568848
2016-12-20,13.937345504760742,13.7455472946167,13.815292358398438,13.855976104736328,15602000.0,13.078910827636719
2016-12-21,13.972217559814453,13.829822540283203,13.855976104736328,13.88503646850586,9327700.0,13.106342315673828
2016-12-22,13.943157196044922,13.669990539550781,13.896660804748535,13.809479713439941,11015700.0,13.03502082824707
2016-12-23,13.855976104736328,13.762983322143555,13.815292358398438,13.844352722167969,10125700.0,13.067940711975098
2016-12-27,13.890849113464355,13.728111267089844,13.838540077209473,13.797855377197266,6512000.0,13.024052619934082
2016-12-28,13.844352722167969,13.536312103271484,13.844352722167969,13.54212474822998,11347500.0,12.782662391662598
2016-12-29,13.64093017578125,13.472379684448242,13.530500411987305,13.565372467041016,8858700.0,12.804607391357422
2016-12-30,13.629305839538574,13.385198593139648,13.501440048217773,13.44913101196289,10862200.0,12.6948823928833
2017-01-03,13.64093017578125,13.356138229370117,13.478191375732422,13.484004020690918,13861700.0,12.727798461914062
2017-01-04,13.78041934967041,13.507251739501953,13.54212474822998,13.629305839538574,11969000.0,12.86495304107666
2017-01-05,13.704862594604492,13.559560775756836,13.629305839538574,13.693238258361816,19883000.0,12.925299644470215
2017-01-06,13.699050903320312,13.024849891662598,13.699050903320312,13.425883293151855,25019600.0,12.672938346862793
2017-01-09,13.474123001098633,13.08297061920166,13.44913101196289,13.112030982971191,24591200.0,12.376688957214355
2017-01-10,13.373574256896973,13.08297061920166,13.187588691711426,13.338702201843262,23212800.0,12.59064769744873
2017-01-11,13.356138229370117,13.141091346740723,13.321266174316406,13.228272438049316,15961500.0,12.486410140991211
2017-01-12,13.27476978302002,13.033568382263184,13.210836410522461,13.222460746765137,14234400.0,12.48092269897461
2017-01-13,13.396822929382324,13.216649055480957,13.222460746765137,13.332890510559082,9905100.0,12.585162162780762
2017-01-17,13.361950874328613,13.155621528625488,13.268957138061523,13.187588691711426,10155500.0,12.448009490966797
2017-01-18,13.361950874328613,13.129467964172363,13.234085083007812,13.286393165588379,14536000.0,12.541271209716797
2017-01-19,13.298017501831055,13.18177604675293,13.245709419250488,13.234085083007812,9976600.0,12.491896629333496
2017-01-20,13.30964183807373,13.158528327941895,13.245709419250488,13.298017501831055,15579200.0,12.552242279052734
2017-01-23,13.327077865600586,13.013226509094238,13.263145446777344,13.117843627929688,15614500.0,12.382173538208008
2017-01-24,13.420071601867676,13.170151710510254,13.199212074279785,13.30383014678955,14144500.0,12.557729721069336
2017-01-25,13.44913101196289,13.271862983703613,13.379386901855469,13.356138229370117,12552900.0,12.60710620880127
2017-01-26,13.420071601867676,13.146903991699219,13.344513893127441,13.146903991699219,10554700.0,12.409605026245117
2017-01-27,13.251521110534668,13.065534591674805,13.210836410522461,13.106219291687012,11716800.0,12.37120246887207
2017-01-30,13.0713472366333,12.780743598937988,13.0713472366333,12.873736381530762,16078800.0,12.151758193969727
2017-01-31,13.187588691711426,12.693562507629395,12.867924690246582,13.18177604675293,21481800.0,12.442522048950195
2017-02-01,13.239896774291992,13.001602172851562,13.210836410522461,13.129467964172363,16757600.0,12.393148422241211
2017-02-02,13.21374225616455,12.937668800354004,12.937668800354004,13.187588691711426,14275200.0,12.448009490966797
2017-02-03,13.704862594604492,13.222460746765137,13.222460746765137,13.658366203308105,23112600.0,12.892383575439453
2017-02-06,13.751358985900879,13.54793643951416,13.571185111999512,13.68161392211914,9451400.0,12.914327621459961
2017-02-07,13.829822540283203,13.669990539550781,13.68161392211914,13.768795013427734,11192300.0,12.996620178222656
2017-02-08,13.87922477722168,13.687426567077637,13.728111267089844,13.733922958374023,10469000.0,12.963702201843262
2017-02-09,14.01871395111084,13.693238258361816,13.733922958374023,13.995466232299805,12060500.0,13.210577011108398
2017-02-10,14.100083351135254,13.937345504760742,13.995466232299805,13.943157196044922,14299600.0,13.161202430725098
2017-02-13,14.082647323608398,13.925721168518066,13.960593223571777,14.01871395111084,11127900.0,13.232522964477539
2017-02-14,14.036150932312012,13.925721168518066,13.995466232299805,14.030338287353516,16786500.0,13.243494987487793
2017-02-15,14.204700469970703,14.001277923583984,14.076834678649902,14.169828414916992,11762300.0,13.375162124633789
2017-02-16,14.227949142456055,14.071022987365723,14.164015769958496,14.140768051147461,11783300.0,13.347731590270996
2017-02-17,14.193076133728027,14.024526596069336,14.094271659851074,14.181452751159668,13047600.0,13.38613510131836
2017-02-21,14.355814933776855,14.158204078674316,14.181452751159668,14.332566261291504,16285300.0,13.528773307800293
2017-02-22,14.460432052612305,14.23957347869873,14.262821197509766,14.402311325073242,13138300.0,13.59460735321045
2017-02-23,14.448807716369629,14.23957347869873,14.431371688842773,14.332566261291504,22893200.0,13.528773307800293
2017-02-24,13.356138229370117,12.84467601776123,12.859206199645996,13.344513893127441,80662700.0,12.596132278442383
2017-02-27,13.228272438049316,12.9434814453125,13.228272438049316,12.966729164123535,32711900.0,12.23953628540039
2017-02-28,13.295111656188965,12.786555290222168,12.827239990234375,13.263145446777344,31589500.0,12.519327163696289
2017-03-01,13.54212474822998,13.327077865600586,13.373574256896973,13.472379684448242,22835600.0,12.716828346252441
2017-03-02,13.489815711975098,13.27476978302002,13.437507629394531,13.338702201843262,18544300.0,12.59064769744873
2017-03-03,13.524688720703125,13.298017501831055,13.31545352935791,13.396822929382324,19903300.0,12.6455078125
2017-03-06,13.443319320678711,13.268957138061523,13.2805814743042,13.408447265625,26772600.0,12.65648078918457
2017-03-07,13.478191375732422,13.193400382995605,13.350326538085938,13.263145446777344,23911500.0,12.519327163696289
2017-03-08,13.2805814743042,13.117843627929688,13.251521110534668,13.146903991699219,21858200.0,12.409605026245117
2017-03-09,13.187588691711426,13.007413864135742,13.094594955444336,13.059722900390625,18977100.0,12.327313423156738
2017-03-10,13.187588691711426,12.902796745300293,13.094594955444336,13.001602172851562,19189300.0,12.272451400756836
2017-03-13,13.036474227905273,12.885360717773438,12.896985054016113,12.972541809082031,17357500.0,12.306547164916992
2017-03-14,12.978353500366211,12.798179626464844,12.926045417785645,12.920232772827148,17357500.0,12.25692367553711
2017-03-15,13.2805814743042,12.850488662719727,12.920232772827148,13.187588691711426,24111600.0,12.5105562210083
2017-03-16,13.286393165588379,13.07715892791748,13.193400382995605,13.158528327941895,17717900.0,12.482985496520996
2017-03-17,13.361950874328613,13.08297061920166,13.164340019226074,13.2805814743042,21287000.0,12.598771095275879
2017-03-20,13.40554141998291,13.170151710510254,13.234085083007812,13.338702201843262,14750100.0,12.653910636901855
2017-03-21,13.41425895690918,12.902796745300293,13.338702201843262,12.931857109069824,27868800.0,12.267951011657715
2017-03-22,13.106219291687012,12.84467601776123,12.914421081542969,13.07715892791748,15644300.0,12.405792236328125
2017-03-23,13.344513893127441,13.007413864135742,13.04809856414795,13.251521110534668,16796100.0,12.57120418548584
2017-03-24,13.507251739501953,13.152715682983398,13.286393165588379,13.234085083007812,15784300.0,12.554662704467773
2017-03-27,13.2805814743042,13.007413864135742,13.106219291687012,13.205024719238281,11508400.0,12.527093887329102
2017-03-28,13.489815711975098,13.152715682983398,13.187588691711426,13.373574256896973,14496900.0,12.686991691589355
2017-03-29,13.908285140991211,13.31254768371582,13.367762565612793,13.757171630859375,29644200.0,13.050893783569336
2017-03-30,13.844352722167969,13.669990539550781,13.716486930847168,13.728111267089844,15394600.0,13.02332592010498
2017-03-31,13.948969841003418,13.617681503295898,13.617681503295898,13.77460765838623,24476100.0,13.067434310913086
2017-04-03,14.01086139678955,13.429015159606934,13.964313507080078,13.630721092224121,41268100.0,12.930935859680176
2017-04-04,13.894492149353027,13.460046768188477,13.498836517333984,13.886734008789062,24554400.0,13.173805236816406
2017-04-05,14.041893005371094,13.793638229370117,13.948797225952148,13.886734008789062,24502600.0,13.173805236816406
2017-04-06,14.065166473388672,13.894492149353027,13.948797225952148,13.979829788208008,15977100.0,13.26212215423584
2017-04-07,14.313421249389648,13.894492149353027,13.933281898498535,14.181535720825195,36280900.0,13.453474044799805
2017-04-10,14.359969139099121,14.150504112243652,14.228083610534668,14.197052001953125,28411100.0,13.468193054199219
2017-04-11,14.235841751098633,14.034134864807129,14.166020393371582,14.10395622253418,14620900.0,13.379874229431152
2017-04-12,14.228083610534668,13.917765617370605,14.220325469970703,14.003103256225586,17688900.0,13.284199714660645
2017-04-13,14.088440895080566,13.917765617370605,13.972071647644043,13.956555366516113,20986700.0,13.240042686462402
2017-04-17,14.065166473388672,13.948797225952148,13.979829788208008,14.049651145935059,10234600.0,13.32835865020752
2017-04-18,14.11947250366211,13.951900482177734,14.026376724243164,14.065166473388672,10324700.0,13.343077659606934
2017-04-19,14.18929386138916,14.034134864807129,14.080682754516602,14.088440895080566,9413500.0,13.365156173706055
2017-04-20,14.282389640808105,14.100077629089355,14.142745971679688,14.220325469970703,13204300.0,13.490270614624023
2017-04-21,14.208688735961914,13.979829788208008,14.197052001953125,14.072924613952637,15784000.0,13.350436210632324
2017-04-24,14.3832426071167,14.123351097106934,14.158262252807617,14.305663108825684,18105900.0,13.571227073669434
2017-04-25,14.422032356262207,14.29014778137207,14.344452857971191,14.367727279663086,11001300.0,13.630105972290039
2017-04-26,14.569433212280273,14.29014778137207,14.352210998535156,14.437548637390137,14089000.0,13.696341514587402
2017-04-27,14.476338386535645,14.297904968261719,14.429790496826172,14.45306396484375,17807200.0,13.7110595703125
2017-04-28,14.507369995117188,14.344452857971191,14.445306777954102,14.45306396484375,11964300.0,13.7110595703125
2017-05-01,14.608222961425781,14.460822105407715,14.499611854553223,14.530643463134766,10576100.0,13.78465747833252
2017-05-02,14.615981101989746,14.476338386535645,14.522886276245117,14.507369995117188,10110100.0,13.762578964233398
2017-05-03,14.561676025390625,14.406517028808594,14.476338386535645,14.48409652709961,14169500.0,13.740498542785645
2017-05-04,14.584949493408203,14.437548637390137,14.546159744262695,14.546159744262695,8458500.0,13.799379348754883
2017-05-05,14.623739242553711,14.48409652709961,14.615981101989746,14.608222961425781,16416700.0,13.858253479003906
2017-05-08,14.701318740844727,14.55391788482666,14.615981101989746,14.654770851135254,11736300.0,13.902410507202148
2017-05-09,14.716835021972656,14.45694351196289,14.63925552368164,14.569433212280273,21023200.0,13.821454048156738
2017-05-10,14.740108489990234,14.546159744262695,14.577191352844238,14.740108489990234,14653800.0,13.983369827270508
2017-05-11,14.782777786254883,14.588828086853027,14.678045272827148,14.631497383117676,16039500.0,13.88033390045166
2017-05-12,14.755624771118164,14.615981101989746,14.647013664245605,14.647013664245605,12393000.0,13.895051956176758
2017-05-15,14.840962409973145,14.63925552368164,14.662528991699219,14.73235034942627,13808900.0,13.976009368896484
2017-05-16,14.864235877990723,14.674165725708008,14.740108489990234,14.825446128845215,12260800.0,14.064324378967285
2017-05-17,14.825446128845215,14.522886276245117,14.825446128845215,14.584949493408203,16809500.0,13.836174964904785
2017-05-18,14.709076881408691,14.367727279663086,14.46858024597168,14.569433212280273,16026500.0,13.821454048156738
2017-05-19,14.740108489990234,14.328937530517578,14.615981101989746,14.375484466552734,25988800.0,13.637465476989746
2017-05-22,14.623739242553711,14.359969139099121,14.367727279663086,14.577191352844238,17436500.0,13.828815460205078
2017-05-23,14.662528991699219,14.546159744262695,14.63925552368164,14.631497383117676,17918200.0,13.88033390045166
2017-05-24,14.724593162536621,14.569433212280273,14.615981101989746,14.670287132263184,15162100.0,13.917130470275879
2017-05-25,14.740108489990234,14.592707633972168,14.716835021972656,14.615981101989746,23348000.0,13.865612983703613
2017-05-26,14.654770851135254,14.53840160369873,14.623739242553711,14.608222961425781,17319700.0,13.858253479003906
2017-05-30,14.685803413391113,14.499611854553223,14.569433212280273,14.623739242553711,22861700.0,13.872974395751953
2017-05-31,14.643134117126465,14.398758888244629,14.584949493408203,14.592707633972168,30786400.0,13.843535423278809
2017-06-01,14.251358032226562,13.553141593933105,14.235841751098633,13.591931343078613,50115000.0,12.894136428833008
2017-06-02,13.638479232788086,13.149728775024414,13.452288627624512,13.498836517333984,38591100.0,12.805821418762207
2017-06-05,13.460046768188477,13.289371490478516,13.452288627624512,13.31264591217041,20008600.0,12.629190444946289
2017-06-06,13.335919380187988,13.2117919921875,13.29712963104248,13.2117919921875,17818400.0,12.533514022827148
2017-06-07,13.374709129333496,13.19627571105957,13.2117919921875,13.219550132751465,18744700.0,12.540874481201172
2017-06-08,13.28161334991455,13.173002243041992,13.219550132751465,13.22730827331543,13795200.0,12.548233985900879
2017-06-09,13.436772346496582,13.037238121032715,13.219550132751465,13.180760383605957,13561600.0,12.504075050354004
2017-06-12,13.12645435333252,12.84716796875,13.103180885314941,13.072149276733398,14894600.0,12.462498664855957
2017-06-13,13.165244102478027,13.03335952758789,13.048874855041504,13.095422744750977,15699600.0,12.484685897827148
2017-06-14,13.149728775024414,12.916990280151367,13.072149276733398,12.986811637878418,14685100.0,12.38114070892334
2017-06-15,13.002326965332031,12.77734661102295,12.955780029296875,12.816136360168457,23054200.0,12.218424797058105
2017-06-16,12.885957717895508,12.754073143005371,12.86268424987793,12.792862892150879,19348500.0,12.196237564086914
2017-06-19,13.010085105895996,12.808378219604492,12.808378219604492,12.971295356750488,14374000.0,12.366348266601562
2017-06-20,12.986811637878418,12.785104751586914,12.94802188873291,12.909232139587402,17374400.0,12.30717945098877
2017-06-21,13.025601387023926,12.831652641296387,12.955780029296875,12.854926109313965,13225000.0,12.25540542602539
2017-06-22,12.994569778442383,12.800621032714844,12.831652641296387,12.940263748168945,12152300.0,12.336763381958008
2017-06-23,13.188518524169922,12.924747467041016,12.994569778442383,13.072149276733398,22420400.0,12.462498664855957
2017-06-26,13.173002243041992,13.025601387023926,13.087664604187012,13.041116714477539,14030600.0,12.432913780212402
2017-06-27,13.025601387023926,12.800621032714844,12.986811637878418,12.800621032714844,12662700.0,12.203633308410645
2017-06-28,13.157485961914062,12.800621032714844,12.870442390441895,13.110939025878906,13041300.0,12.49947738647461
2017-06-29,13.03335952758789,12.699767112731934,12.994569778442383,12.916990280151367,16378100.0,12.3145751953125
2017-06-30,13.03335952758789,12.86268424987793,12.979053497314453,12.870442390441895,11318000.0,12.2701997756958
2017-07-03,13.103180885314941,12.93250560760498,12.93250560760498,12.93250560760498,5886300.0,12.329367637634277
2017-07-05,13.180760383605957,12.963537216186523,12.971295356750488,13.14197063446045,13925000.0,12.529064178466797
2017-07-06,13.12645435333252,12.738556861877441,13.072149276733398,12.785104751586914,18738000.0,12.188840866088867
2017-07-07,12.916990280151367,12.723041534423828,12.816136360168457,12.885957717895508,17037600.0,12.284990310668945
2017-07-10,13.060511589050293,12.87820053100586,12.885957717895508,12.986811637878418,13109900.0,12.38114070892334
2017-07-11,13.072149276733398,12.854926109313965,12.963537216186523,13.017843246459961,11760400.0,12.410725593566895
2017-07-12,13.072149276733398,12.858805656433105,12.994569778442383,13.025601387023926,13454100.0,12.418121337890625
2017-07-13,13.31264591217041,13.002326965332031,13.025601387023926,13.258339881896973,17708900.0,12.640006065368652
2017-07-14,13.366950988769531,13.204033851623535,13.266098022460938,13.335919380187988,7901000.0,12.713966369628906
2017-07-17,13.436772346496582,13.262218475341797,13.335919380187988,13.366950988769531,9965300.0,12.743551254272461
2017-07-18,13.382467269897461,13.22730827331543,13.343677520751953,13.304887771606445,13542700.0,12.6843843460083
2017-07-19,13.739333152770996,13.382467269897461,13.382467269897461,13.708300590515137,17298100.0,13.068982124328613
2017-07-20,13.91000747680664,13.692785263061523,13.708300590515137,13.886734008789062,18859600.0,13.239092826843262
2017-07-21,13.987586975097656,13.785880088806152,13.85570240020752,13.972071647644043,15243700.0,13.320450782775879
2017-07-24,14.041893005371094,13.801396369934082,13.948797225952148,13.84018611907959,14075200.0,13.194716453552246
2017-07-25,13.972071647644043,13.762606620788574,13.84018611907959,13.871217727661133,9928100.0,13.224300384521484
2017-07-26,13.933281898498535,13.615205764770508,13.886734008789062,13.66175365447998,10281300.0,13.024605751037598
2017-07-27,13.731575012207031,13.494956970214844,13.731575012207031,13.615205764770508,13184400.0,12.980228424072266
2017-07-28,13.615205764770508,13.413498878479004,13.576416015625,13.584174156188965,11777500.0,12.950642585754395
2017-07-31,13.766485214233398,13.576416015625,13.653995513916016,13.584174156188965,11294300.0,12.950642585754395
2017-08-01,13.653995513916016,13.533746719360352,13.615205764770508,13.615205764770508,9943300.0,12.980228424072266
2017-08-02,13.685027122497559,13.397982597351074,13.64623737335205,13.460046768188477,10271600.0,12.832305908203125
2017-08-03,13.467804908752441,13.31264591217041,13.452288627624512,13.413498878479004,8584800.0,12.787928581237793
2017-08-04,13.630721092224121,13.413498878479004,13.413498878479004,13.584174156188965,8123900.0,12.950642585754395
2017-08-07,13.688905715942383,13.537626266479492,13.568657875061035,13.677268981933594,5909200.0,13.039396286010742
2017-08-08,13.731575012207031,13.591931343078613,13.64623737335205,13.677268981933594,10173900.0,13.039396286010742
2017-08-09,13.731575012207031,13.529868125915527,13.615205764770508,13.685027122497559,8984800.0,13.046792984008789
2017-08-10,13.653995513916016,13.242823600769043,13.653995513916016,13.28161334991455,12069000.0,12.662192344665527
2017-08-11,13.47556209564209,13.30876636505127,13.343677520751953,13.421257019042969,6805200.0,12.795324325561523
2017-08-14,13.847944259643555,13.545384407043457,13.568657875061035,13.638479232788086,10254100.0,13.002416610717773
2017-08-15,13.84018611907959,13.599689483642578,13.622963905334473,13.770364761352539,10719900.0,13.128150939941406
2017-08-16,13.863459587097168,13.595810890197754,13.762606620788574,13.653995513916016,6336300.0,13.017210006713867
2017-08-17,13.716058731079102,13.421257019042969,13.591931343078613,13.421257019042969,11823900.0,12.795324325561523
2017-08-18,13.498836517333984,13.258339881896973,13.390225410461426,13.328161239624023,12322800.0,12.706570625305176
2017-08-21,13.460046768188477,13.250581741333008,13.343677520751953,13.429015159606934,7851500.0,12.80272102355957
2017-08-22,13.731575012207031,13.460046768188477,13.467804908752441,13.708300590515137,7026400.0,13.068982124328613
2017-08-23,13.770364761352539,13.599689483642578,13.615205764770508,13.739333152770996,9091300.0,13.098567008972168
2017-08-24,14.01086139678955,13.700543403625488,13.747090339660645,13.92552375793457,8553900.0,13.276074409484863
2017-08-25,14.072924613952637,13.813033103942871,13.956555366516113,13.92552375793457,11647100.0,13.276074409484863
2017-08-28,13.948797225952148,13.712180137634277,13.948797225952148,13.801396369934082,9661100.0,13.157736778259277
2017-08-29,13.92164421081543,13.638479232788086,13.692785263061523,13.902249336242676,7612400.0,13.253885269165039
2017-08-30,13.956555366516113,13.789759635925293,13.871217727661133,13.948797225952148,8092300.0,13.298260688781738
2017-08-31,14.069046020507812,13.92552375793457,13.948797225952148,14.01086139678955,14603000.0,13.357433319091797
2017-09-01,14.390000343322754,13.819999694824219,14.130000114440918,14.3100004196167,22355800.0,13.642620086669922
2017-09-05,14.399999618530273,13.829999923706055,14.199999809265137,14.039999961853027,26755900.0,13.385210990905762
2017-09-06,14.319999694824219,13.600000381469727,14.289999961853027,13.770000457763672,40580300.0,13.127803802490234
2017-09-07,13.770000457763672,13.25,13.729999542236328,13.25,27036800.0,12.632055282592773
2017-09-08,13.385000228881836,13.0600004196167,13.288999557495117,13.119999885559082,24308700.0,12.508118629455566
2017-09-11,13.470000267028809,13.239999771118164,13.300000190734863,13.350000381469727,16505900.0,12.790760040283203
2017-09-12,13.40999984741211,12.989999771118164,13.359999656677246,13.119999885559082,19398000.0,12.631898880004883
2017-09-13,13.25,12.970000267028809,13.079999923706055,13.229999542236328,24975000.0,12.737805366516113
2017-09-14,13.529999732971191,13.130000114440918,13.180000305175781,13.470000267028809,16071700.0,12.968877792358398
2017-09-15,13.5600004196167,13.319999694824219,13.369999885559082,13.520000457763672,15606000.0,13.01701831817627
2017-09-18,13.720000267028809,13.510000228881836,13.569999694824219,13.539999961853027,12586100.0,13.036273002624512
2017-09-19,13.640000343322754,13.470000267028809,13.5600004196167,13.489999771118164,10087500.0,12.988133430480957
2017-09-20,13.680000305175781,13.5,13.579999923706055,13.630000114440918,17348000.0,13.122925758361816
2017-09-21,13.899999618530273,13.510000228881836,13.600000381469727,13.789999961853027,22598600.0,13.276973724365234
2017-09-22,14.289999961853027,13.819999694824219,13.859999656677246,14.260000228881836,22932500.0,13.729488372802734
2017-09-25,14.720000267028809,14.170000076293945,14.1899995803833,14.699999809265137,29532200.0,14.153118133544922
2017-09-26,15.079999923706055,14.6899995803833,14.739999771118164,14.890000343322754,25926100.0,14.336050033569336
2017-09-27,15.119999885559082,14.819999694824219,14.890000343322754,14.850000381469727,22027400.0,14.297537803649902
2017-09-28,14.9399995803833,14.5649995803833,14.84000015258789,14.569999694824219,11473100.0,14.027953147888184
2017-09-29,14.75,14.539999961853027,14.600000381469727,14.710000038146973,6736900.0,14.162745475769043
2017-10-02,15.0,14.649999618530273,14.680000305175781,14.970000267028809,13719600.0,14.413074493408203
2017-10-03,14.987000465393066,14.619999885559082,14.970000267028809,14.6899995803833,10203600.0,14.143489837646484
2017-10-04,14.890000343322754,14.550000190734863,14.699999809265137,14.800000190734863,7636300.0,14.249397277832031
2017-10-05,14.960000038146973,14.760000228881836,14.84000015258789,14.829999923706055,7074400.0,14.278281211853027
2017-10-06,14.850000381469727,14.579999923706055,14.789999961853027,14.800000190734863,11827300.0,14.249397277832031
2017-10-09,14.970000267028809,14.770000457763672,14.84000015258789,14.800000190734863,6254600.0,14.249397277832031
2017-10-10,15.029999732971191,14.8100004196167,14.819999694824219,14.960000038146973,9359400.0,14.403446197509766
2017-10-11,15.039999961853027,14.850000381469727,14.9399995803833,14.9399995803833,10469600.0,14.38418960571289
2017-10-12,14.9399995803833,14.729999542236328,14.930000305175781,14.800000190734863,8238400.0,14.249397277832031
2017-10-13,15.0600004196167,14.640000343322754,14.649999618530273,14.890000343322754,9941500.0,14.336050033569336
2017-10-16,14.960000038146973,14.8100004196167,14.880000114440918,14.859999656677246,6351400.0,14.30716609954834
2017-10-17,14.890000343322754,14.545000076293945,14.84000015258789,14.609999656677246,12841100.0,14.066466331481934
2017-10-18,14.800000190734863,14.664999961853027,14.670000076293945,14.699999809265137,6827100.0,14.153118133544922
2017-10-19,14.529999732971191,13.800000190734863,14.5,13.859999656677246,23836500.0,13.344368934631348
2017-10-20,14.1850004196167,13.800000190734863,13.880000114440918,14.039999961853027,12664400.0,13.517672538757324
2017-10-23,14.324999809265137,14.0600004196167,14.09000015258789,14.25,8558400.0,13.719860076904297
2017-10-24,14.475000381469727,14.229999542236328,14.25,14.3100004196167,8236600.0,13.777628898620605
2017-10-25,14.289999961853027,13.880000114440918,14.279999732971191,14.079999923706055,15537300.0,13.556182861328125
2017-10-26,14.3100004196167,14.079999923706055,14.210000038146973,14.25,7007000.0,13.719860076904297
2017-10-27,14.34000015258789,14.180000305175781,14.270000457763672,14.279999732971191,7034100.0,13.748743057250977
2017-10-30,14.279999732971191,13.90999984741211,14.229999542236328,13.979999542236328,11940100.0,13.459903717041016
2017-10-31,14.055000305175781,13.875,14.020000457763672,13.920000076293945,10261900.0,13.402135848999023
2017-11-01,13.9399995803833,13.470000267028809,13.9399995803833,13.600000381469727,15500000.0,13.09404182434082
2017-11-02,13.65999984741211,13.484999656677246,13.569999694824219,13.630000114440918,17522400.0,13.122925758361816
2017-11-03,13.630000114440918,13.399999618530273,13.619999885559082,13.5,9542900.0,12.997761726379395
2017-11-06,13.630000114440918,13.239999771118164,13.460000038146973,13.630000114440918,9582500.0,13.122925758361816
2017-11-07,13.739999771118164,13.520000457763672,13.600000381469727,13.569999694824219,7362300.0,13.065156936645508
2017-11-08,13.59000015258789,13.460000038146973,13.5600004196167,13.539999961853027,7751800.0,13.036273002624512
2017-11-09,13.75,13.470000267028809,13.479999542236328,13.720000267028809,6230900.0,13.209577560424805
2017-11-10,13.75,13.600000381469727,13.720000267028809,13.699999809265137,4517900.0,13.19032096862793
2017-11-13,13.694999694824219,13.470000267028809,13.670000076293945,13.479999542236328,14572600.0,12.97850513458252
2017-11-14,13.479999542236328,13.229999542236328,13.380000114440918,13.270000457763672,11350600.0,12.776317596435547
2017-11-15,13.319999694824219,13.100000381469727,13.199999809265137,13.15999984741211,12002200.0,12.67041015625
2017-11-16,13.420000076293945,13.210000038146973,13.210000038146973,13.270000457763672,14822100.0,12.776317596435547
2017-11-17,13.6899995803833,13.25,13.300000190734863,13.680000305175781,12897100.0,13.171066284179688
2017-11-20,14.109999656677246,13.65999984741211,13.680000305175781,14.09000015258789,12408800.0,13.565814018249512
2017-11-21,14.3100004196167,14.079999923706055,14.100000381469727,14.119999885559082,13733900.0,13.594696044921875
2017-11-22,13.399999618530273,12.8149995803833,13.199999809265137,13.100000381469727,41931400.0,12.612643241882324
2017-11-24,13.390000343322754,13.149999618530273,13.210000038146973,13.319999694824219,8555500.0,12.824457168579102
2017-11-27,13.539999961853027,13.149999618530273,13.210000038146973,13.470000267028809,13862700.0,12.968877792358398
2017-11-28,13.949999809265137,13.404999732971191,13.470000267028809,13.880000114440918,16054700.0,13.363625526428223
2017-11-29,14.300000190734863,13.789999961853027,13.949999809265137,13.970000267028809,12094000.0,13.450277328491211
2017-11-30,14.170000076293945,13.920000076293945,13.989999771118164,13.949999809265137,15101600.0,13.431020736694336
2017-12-01,14.46500015258789,13.75,13.899999618530273,14.4399995803833,18544200.0,13.902791023254395
2017-12-04,14.520000457763672,14.1899995803833,14.4399995803833,14.229999542236328,11095700.0,13.700603485107422
2017-12-05,14.170000076293945,14.0,14.109999656677246,14.079999923706055,11892800.0,13.556182861328125
2017-12-06,14.229999542236328,13.989999771118164,14.020000457763672,14.15999984741211,7091000.0,13.633208274841309
2017-12-07,14.270000457763672,14.125,14.199999809265137,14.220000267028809,6818700.0,13.6909761428833
2017-12-08,14.390000343322754,14.229999542236328,14.229999542236328,14.34000015258789,8114600.0,13.806511878967285
2017-12-11,14.59000015258789,14.229999542236328,14.25,14.579999923706055,11132200.0,14.037582397460938
2017-12-12,14.569999694824219,14.350000381469727,14.449999809265137,14.5,12199800.0,14.032744407653809
2017-12-13,14.550000190734863,14.319999694824219,14.460000038146973,14.319999694824219,8640800.0,13.858545303344727
2017-12-14,14.380000114440918,14.220000267028809,14.300000190734863,14.239999771118164,7601000.0,13.781122207641602
2017-12-15,14.479999542236328,14.255000114440918,14.289999961853027,14.40999984741211,20251000.0,13.945643424987793
2017-12-18,14.930000305175781,14.430000305175781,14.449999809265137,14.899999618530273,12653300.0,14.419854164123535
2017-12-19,14.899999618530273,14.739999771118164,14.880000114440918,14.800000190734863,9792600.0,14.323076248168945
2017-12-20,14.789999961853027,14.635000228881836,14.789999961853027,14.710000038146973,9259700.0,14.235977172851562
2017-12-21,14.850000381469727,14.664999961853027,14.710000038146973,14.720000267028809,7888300.0,14.245655059814453
2017-12-22,14.819999694824219,14.680000305175781,14.710000038146973,14.710000038146973,4166700.0,14.235977172851562
2017-12-26,14.78499984741211,14.670000076293945,14.6899995803833,14.739999771118164,2882800.0,14.265010833740234
2017-12-27,14.75,14.609999656677246,14.720000267028809,14.670000076293945,3260500.0,14.197266578674316
2017-12-28,14.699999809265137,14.555000305175781,14.6899995803833,14.609999656677246,3686400.0,14.139200210571289
2017-12-29,14.670000076293945,14.359999656677246,14.670000076293945,14.359999656677246,7076700.0,13.89725399017334
2018-01-02,14.630000114440918,14.380000114440918,14.430000305175781,14.609999656677246,7155700.0,14.139200210571289
2018-01-03,14.75,14.539999961853027,14.600000381469727,14.699999809265137,7907200.0,14.226299285888672
2018-01-04,15.069999694824219,14.654999732971191,14.699999809265137,15.0600004196167,11333500.0,14.574698448181152
2018-01-05,15.1899995803833,14.960000038146973,15.0600004196167,15.050000190734863,12539400.0,14.565020561218262
2018-01-08,14.970000267028809,14.645000457763672,14.949999809265137,14.819999694824219,13052100.0,14.342432022094727
2018-01-09,14.979999542236328,14.8100004196167,14.850000381469727,14.850000381469727,14481200.0,14.371465682983398
2018-01-10,15.3100004196167,14.760000228881836,14.760000228881836,15.1899995803833,10171300.0,14.700508117675781
2018-01-11,15.489999771118164,15.170000076293945,15.199999809265137,15.449999809265137,8239900.0,14.952130317687988
2018-01-12,15.869999885559082,15.420000076293945,15.449999809265137,15.8100004196167,15518900.0,15.300529479980469
2018-01-16,15.914999961853027,15.71500015258789,15.819999694824219,15.8100004196167,9664400.0,15.300529479980469
2018-01-17,16.100000381469727,15.819999694824219,15.859999656677246,16.06999969482422,9450300.0,15.552151679992676
2018-01-18,16.100000381469727,15.9399995803833,16.030000686645508,15.970000267028809,9774600.0,15.455374717712402
2018-01-19,16.09000015258789,15.90999984741211,15.970000267028809,16.079999923706055,9139500.0,15.561829566955566
2018-01-22,16.079999923706055,15.899999618530273,16.049999237060547,16.049999237060547,9415500.0,15.532795906066895
2018-01-23,16.719999313354492,16.200000762939453,16.280000686645508,16.670000076293945,14447000.0,16.132814407348633
2018-01-24,16.889999389648438,16.600000381469727,16.709999084472656,16.68000030517578,11806000.0,16.142494201660156
2018-01-25,16.84000015258789,16.450000762939453,16.709999084472656,16.479999542236328,7765500.0,15.948938369750977
2018-01-26,16.84000015258789,16.549999237060547,16.549999237060547,16.709999084472656,9762400.0,16.171525955200195
2018-01-29,17.065000534057617,16.6200008392334,16.65999984741211,16.969999313354492,10537100.0,16.42314910888672
2018-01-30,16.9060001373291,16.395000457763672,16.850000381469727,16.540000915527344,11202300.0,16.00700569152832
2018-01-31,16.690000534057617,16.309999465942383,16.59000015258789,16.399999618530273,12419400.0,15.871517181396484
2018-02-01,16.8799991607666,16.31999969482422,16.399999618530273,16.790000915527344,13494800.0,16.248950958251953
2018-02-02,16.93000030517578,16.520000457763672,16.65999984741211,16.649999618530273,13334000.0,16.113460540771484
2018-02-05,16.649999618530273,15.649999618530273,16.530000686645508,15.65999984741211,15838100.0,15.155363082885742
2018-02-06,15.8149995803833,14.960000038146973,15.270000457763672,15.729999542236328,16226800.0,15.22310733795166
2018-02-07,15.78499984741211,15.329999923706055,15.670000076293945,15.5600004196167,13112600.0,15.058586120605469
2018-02-08,15.680000305175781,15.039999961853027,15.529999732971191,15.039999961853027,12061000.0,14.555343627929688
2018-02-09,15.414999961853027,14.654999732971191,15.199999809265137,15.300000190734863,16716000.0,14.806964874267578
2018-02-12,15.850000381469727,15.359999656677246,15.420000076293945,15.75,7683600.0,15.242463111877441
2018-02-13,15.630000114440918,15.3100004196167,15.630000114440918,15.470000267028809,13734800.0,14.971487045288086
2018-02-14,16.219999313354492,15.350000381469727,15.40999984741211,16.149999618530273,14008300.0,15.629572868347168
2018-02-15,16.479999542236328,16.040000915527344,16.280000686645508,16.350000381469727,8201600.0,15.823128700256348
2018-02-16,16.559999465942383,16.209999084472656,16.299999237060547,16.389999389648438,8506800.0,15.861838340759277
2018-02-20,16.684999465942383,16.40999984741211,16.469999313354492,16.520000457763672,9037500.0,15.987651824951172
2018-02-21,16.684999465942383,16.219999313354492,16.600000381469727,16.25,10906500.0,15.726349830627441
2018-02-22,16.670000076293945,16.229999542236328,16.43000030517578,16.40999984741211,16299400.0,15.881194114685059
2018-02-23,18.190000534057617,17.559999465942383,18.010000228881836,18.139999389648438,45018300.0,17.555444717407227
2018-02-26,18.799999237060547,18.040000915527344,18.040000915527344,18.549999237060547,25578200.0,17.952234268188477
2018-02-27,19.1299991607666,18.5,18.5,18.81999969482422,20981300.0,18.213533401489258
2018-02-28,19.06999969482422,18.59000015258789,18.950000762939453,18.59000015258789,17526900.0,17.99094581604004
2018-03-01,18.834999084472656,18.139999389648438,18.700000762939453,18.399999618530273,14072000.0,17.80706787109375
2018-03-02,18.799999237060547,18.149999618530273,18.200000762939453,18.780000686645508,14917400.0,18.174823760986328
2018-03-05,19.100000381469727,18.739999771118164,18.770000457763672,18.979999542236328,11720600.0,18.368377685546875
2018-03-06,19.475000381469727,19.0,19.010000228881836,19.40999984741211,11551400.0,18.784523010253906
2018-03-07,19.3799991607666,18.979999542236328,19.239999771118164,19.149999618530273,11056300.0,18.532899856567383
2018-03-08,19.229999542236328,18.844999313354492,19.200000762939453,18.950000762939453,10551000.0,18.33934783935547
2018-03-09,19.209999084472656,18.979999542236328,19.06999969482422,19.15999984741211,14564800.0,18.542577743530273
2018-03-12,19.174999237060547,19.0,19.15999984741211,19.06999969482422,10161300.0,18.455476760864258
2018-03-13,19.229999542236328,18.860000610351562,19.09000015258789,18.8799991607666,9001700.0,18.343746185302734
2018-03-14,18.989999771118164,18.735000610351562,18.979999542236328,18.850000381469727,11582800.0,18.314599990844727
2018-03-15,18.979999542236328,18.780000686645508,18.899999618530273,18.829999923706055,15291600.0,18.295164108276367
2018-03-16,19.010000228881836,18.68000030517578,18.81999969482422,18.790000915527344,21347600.0,18.256301879882812
2018-03-19,18.829999923706055,18.5,18.700000762939453,18.700000762939453,9447200.0,18.16885757446289
2018-03-20,18.93000030517578,18.614999771118164,18.790000915527344,18.780000686645508,11180300.0,18.246585845947266
2018-03-21,18.889999389648438,18.56999969482422,18.780000686645508,18.709999084472656,10840800.0,18.178573608398438
2018-03-22,18.645000457763672,18.299999237060547,18.549999237060547,18.31999969482422,10862300.0,17.799650192260742
2018-03-23,18.399999618530273,17.6299991607666,18.3700008392334,17.6299991607666,10561400.0,17.12924575805664
2018-03-26,18.030000686645508,17.575000762939453,17.920000076293945,17.989999771118164,11003500.0,17.479022979736328
2018-03-27,18.155000686645508,17.454999923706055,18.09000015258789,17.559999465942383,12146200.0,17.061235427856445
2018-03-28,17.799999237060547,17.405000686645508,17.610000610351562,17.65999984741211,14005200.0,17.158395767211914
2018-03-29,17.7549991607666,17.454999923706055,17.700000762939453,17.540000915527344,16009600.0,17.041807174682617
2018-04-02,17.520000457763672,16.940000534057617,17.479999542236328,17.1200008392334,10274600.0,16.63373565673828
2018-04-03,17.350000381469727,16.959999084472656,17.25,17.139999389648438,13363100.0,16.653165817260742
2018-04-04,17.309999465942383,16.760000228881836,16.829999923706055,17.25,13204000.0,16.76004409790039
2018-04-05,17.420000076293945,17.1200008392334,17.420000076293945,17.200000762939453,15104800.0,16.711462020874023
2018-04-06,17.219999313354492,16.610000610351562,17.040000915527344,16.700000762939453,14149100.0,16.225666046142578
2018-04-09,17.209999084472656,16.729999542236328,16.729999542236328,16.809999465942383,8445100.0,16.332538604736328
2018-04-10,17.399999618530273,17.06999969482422,17.06999969482422,17.25,15303200.0,16.76004409790039
2018-04-11,17.299999237060547,17.090999603271484,17.200000762939453,17.239999771118164,9828500.0,16.750324249267578
2018-04-12,17.600000381469727,17.329999923706055,17.350000381469727,17.40999984741211,13920700.0,16.915498733520508
2018-04-13,17.510000228881836,17.18000030517578,17.510000228881836,17.399999618530273,10062600.0,16.905780792236328
2018-04-16,17.670000076293945,17.360000610351562,17.450000762939453,17.559999465942383,16959600.0,17.061235427856445
2018-04-17,17.8799991607666,17.6200008392334,17.68000030517578,17.75,16033300.0,17.245840072631836
2018-04-18,17.780000686645508,17.614999771118164,17.770000457763672,17.68000030517578,9610200.0,17.17782974243164
2018-04-19,17.649999618530273,17.3799991607666,17.649999618530273,17.40999984741211,7789300.0,16.915498733520508
2018-04-20,17.450000762939453,17.15999984741211,17.440000534057617,17.290000915527344,7701600.0,16.798906326293945
2018-04-23,17.540000915527344,17.30500030517578,17.3799991607666,17.420000076293945,8083000.0,16.925212860107422
2018-04-24,17.68000030517578,17.25,17.5,17.360000610351562,10102900.0,16.866918563842773
2018-04-25,17.415000915527344,17.020000457763672,17.299999237060547,17.309999465942383,9302400.0,16.818336486816406
2018-04-26,17.514999389648438,17.2450008392334,17.389999389648438,17.389999389648438,10687300.0,16.89606475830078
2018-04-27,17.639999389648438,17.239999771118164,17.639999389648438,17.350000381469727,8836700.0,16.857202529907227
2018-04-30,17.459999084472656,17.049999237060547,17.34000015258789,17.049999237060547,12473400.0,16.56572151184082
2018-05-01,17.200000762939453,16.950000762939453,16.989999771118164,17.18000030517578,9651800.0,16.69202995300293
2018-05-02,17.260000228881836,17.06999969482422,17.139999389648438,17.1200008392334,6367900.0,16.63373565673828
2018-05-03,17.079999923706055,16.75,16.989999771118164,16.899999618530273,8031900.0,16.41998291015625
2018-05-04,17.2549991607666,16.780000686645508,16.850000381469727,17.209999084472656,6166900.0,16.721176147460938
2018-05-07,17.450000762939453,17.190000534057617,17.239999771118164,17.299999237060547,10486700.0,16.808622360229492
2018-05-08,17.43000030517578,17.204999923706055,17.25,17.389999389648438,12408100.0,16.89606475830078
2018-05-09,17.670000076293945,17.34000015258789,17.399999618530273,17.600000381469727,13013900.0,17.100101470947266
2018-05-10,17.700000762939453,17.5,17.670000076293945,17.649999618530273,12298200.0,17.148679733276367
2018-05-11,17.780000686645508,17.610000610351562,17.65999984741211,17.670000076293945,11498300.0,17.168113708496094
2018-05-14,17.81999969482422,17.59000015258789,17.75,17.59000015258789,8456000.0,17.090383529663086
2018-05-15,17.530000686645508,17.28499984741211,17.479999542236328,17.399999618530273,8365700.0,16.905780792236328
2018-05-16,17.68000030517578,17.3700008392334,17.40999984741211,17.6299991607666,15259900.0,17.12924575805664
2018-05-17,17.760000228881836,17.434999465942383,17.68000030517578,17.670000076293945,10602300.0,17.168113708496094
2018-05-18,17.670000076293945,17.479999542236328,17.65999984741211,17.559999465942383,6784900.0,17.061235427856445
2018-05-21,17.739999771118164,17.479999542236328,17.65999984741211,17.510000228881836,6196800.0,17.012659072875977
2018-05-22,17.68000030517578,17.40999984741211,17.549999237060547,17.40999984741211,14421200.0,16.915498733520508
2018-05-23,16.950000762939453,15.449999809265137,16.850000381469727,15.579999923706055,56055200.0,15.137475967407227
2018-05-24,15.8100004196167,15.15999984741211,15.550000190734863,15.760000228881836,29516000.0,15.312363624572754
2018-05-25,15.819999694824219,15.4399995803833,15.75,15.520000457763672,14411500.0,15.079179763793945
2018-05-29,15.486000061035156,15.260000228881836,15.430000305175781,15.380000114440918,9727000.0,14.943156242370605
2018-05-30,15.664999961853027,15.319999694824219,15.470000267028809,15.569999694824219,12024900.0,15.127758979797363
2018-05-31,15.59000015258789,15.119999885559082,15.529999732971191,15.239999771118164,14448100.0,14.80713176727295
2018-06-01,15.529999732971191,15.319999694824219,15.329999923706055,15.529999732971191,10896700.0,15.088896751403809
2018-06-04,15.739999771118164,15.369999885559082,15.5,15.539999961853027,12236800.0,15.098611831665039
2018-06-05,16.1299991607666,15.449999809265137,15.5,16.059999465942383,22398000.0,15.603841781616211
2018-06-06,16.110000610351562,15.725000381469727,16.110000610351562,16.020000457763672,12395000.0,15.56497859954834
2018-06-07,16.059999465942383,15.819999694824219,15.979999542236328,15.920000076293945,7794000.0,15.467819213867188
2018-06-08,16.020000457763672,15.786999702453613,15.819999694824219,16.010000228881836,7921400.0,15.555262565612793
2018-06-11,16.18000030517578,15.960000038146973,15.960000038146973,16.020000457763672,11639200.0,15.56497859954834
2018-06-12,16.0,15.779999732971191,15.920000076293945,15.789999961853027,9010600.0,15.4500093460083
2018-06-13,15.890000343322754,15.699999809265137,15.760000228881836,15.789999961853027,8437800.0,15.4500093460083
2018-06-14,16.1200008392334,15.75,15.869999885559082,15.819999694824219,11926600.0,15.479362487792969
2018-06-15,15.949999809265137,15.619999885559082,15.800000190734863,15.949999809265137,25030400.0,15.606563568115234
2018-06-18,16.059999465942383,15.6850004196167,15.800000190734863,15.90999984741211,12084700.0,15.567424774169922
2018-06-19,15.930000305175781,15.670000076293945,15.699999809265137,15.899999618530273,8432700.0,15.557640075683594
2018-06-20,15.989999771118164,15.130000114440918,15.949999809265137,15.149999618530273,14603800.0,14.8237886428833
2018-06-21,15.489999771118164,15.140000343322754,15.199999809265137,15.420000076293945,14506700.0,15.087976455688477
2018-06-22,15.520000457763672,15.225000381469727,15.489999771118164,15.239999771118164,9056600.0,14.911850929260254
2018-06-25,15.229999542236328,14.9399995803833,15.170000076293945,15.069999694824219,15972800.0,14.745512008666992
2018-06-26,15.550000190734863,15.0600004196167,15.109999656677246,15.170000076293945,7978600.0,14.843358993530273
2018-06-27,15.25,14.720000267028809,15.220000267028809,14.720000267028809,14323600.0,14.403048515319824
2018-06-28,14.770000457763672,14.475000381469727,14.710000038146973,14.710000038146973,14739100.0,14.39326286315918
2018-06-29,14.850000381469727,14.609999656677246,14.770000457763672,14.609999656677246,11694500.0,14.295415878295898
2018-07-02,14.84000015258789,14.460000038146973,14.5,14.800000190734863,7088700.0,14.481325149536133
2018-07-03,14.920000076293945,14.75,14.789999961853027,14.770000457763672,4748200.0,14.451972007751465
2018-07-05,14.84000015258789,14.569999694824219,14.800000190734863,14.819999694824219,9473800.0,14.500894546508789
2018-07-06,15.050000190734863,14.729999542236328,14.880000114440918,14.979999542236328,5527800.0,14.657448768615723
2018-07-09,15.3149995803833,14.989999771118164,15.039999961853027,15.229999542236328,6362000.0,14.902066230773926
2018-07-10,15.53499984741211,15.199999809265137,15.239999771118164,15.5,12151400.0,15.166253089904785
2018-07-11,15.350000381469727,15.079999923706055,15.3100004196167,15.100000381469727,8725700.0,14.774866104125977
2018-07-12,15.470000267028809,15.119999885559082,15.149999618530273,15.390000343322754,4759800.0,15.058622360229492
2018-07-13,15.529999732971191,15.300000190734863,15.34000015258789,15.489999771118164,8808200.0,15.156468391418457
2018-07-16,15.649999618530273,15.335000038146973,15.449999809265137,15.640000343322754,10738000.0,15.303237915039062
2018-07-17,15.800000190734863,15.5600004196167,15.59000015258789,15.65999984741211,8883000.0,15.322807312011719
2018-07-18,15.949999809265137,15.649999618530273,15.6899995803833,15.930000305175781,6992100.0,15.586995124816895
2018-07-19,16.155000686645508,15.609999656677246,15.930000305175781,15.640000343322754,11530100.0,15.303237915039062
2018-07-20,15.614999771118164,15.404999732971191,15.59000015258789,15.470000267028809,6592600.0,15.1368989944458
2018-07-23,15.550000190734863,15.270000457763672,15.40999984741211,15.470000267028809,13145600.0,15.1368989944458
2018-07-24,15.664999961853027,15.25,15.609999656677246,15.300000190734863,7481700.0,14.970560073852539
2018-07-25,15.489999771118164,15.229999542236328,15.239999771118164,15.479999542236328,5964900.0,15.146683692932129
2018-07-26,15.770000457763672,15.479999542236328,15.489999771118164,15.6899995803833,4970600.0,15.35216236114502
2018-07-27,15.890000343322754,15.529999732971191,15.760000228881836,15.59000015258789,5690100.0,15.254314422607422
2018-07-30,15.640000343322754,15.319999694824219,15.579999923706055,15.449999809265137,4940000.0,15.117329597473145
2018-07-31,15.550000190734863,15.369999885559082,15.449999809265137,15.4399995803833,6644700.0,15.107544898986816
2018-08-01,15.609999656677246,15.369999885559082,15.420000076293945,15.449999809265137,5640200.0,15.117329597473145
2018-08-02,15.569999694824219,15.319999694824219,15.350000381469727,15.550000190734863,7753100.0,15.215177536010742
2018-08-03,16.0,15.59000015258789,15.609999656677246,15.979999542236328,7397200.0,15.635917663574219
2018-08-06,16.045000076293945,15.850000381469727,15.930000305175781,16.010000228881836,5224100.0,15.665271759033203
2018-08-07,16.229999542236328,16.020000457763672,16.049999237060547,16.1299991607666,4396500.0,15.782687187194824
2018-08-08,16.290000915527344,16.06999969482422,16.139999389648438,16.15999984741211,4663000.0,15.812042236328125
2018-08-09,16.225000381469727,16.059999465942383,16.139999389648438,16.110000610351562,3503900.0,15.7631196975708
2018-08-10,16.084999084472656,15.779999732971191,15.979999542236328,15.850000381469727,5036700.0,15.508718490600586
2018-08-13,15.970000267028809,15.65999984741211,15.850000381469727,15.65999984741211,5039600.0,15.322807312011719
2018-08-14,16.020000457763672,15.699999809265137,15.699999809265137,15.989999771118164,5182800.0,15.645702362060547
2018-08-15,16.09000015258789,15.789999961853027,15.859999656677246,16.030000686645508,10275900.0,15.68484115600586
2018-08-16,16.389999389648438,16.024999618530273,16.1200008392334,16.270000457763672,10663400.0,15.919673919677734
2018-08-17,16.795000076293945,16.20800018310547,16.25,16.670000076293945,12400100.0,16.311058044433594
2018-08-20,16.959999084472656,16.59000015258789,16.739999771118164,16.719999313354492,9402400.0,16.359983444213867
2018-08-21,16.469999313354492,15.739999771118164,16.469999313354492,15.779999732971191,16634000.0,15.440223693847656
2018-08-22,15.920000076293945,15.720000267028809,15.760000228881836,15.819999694824219,8331000.0,15.479362487792969
2018-08-23,16.459999084472656,15.795000076293945,15.8100004196167,16.100000381469727,15522400.0,15.753334045410156
2018-08-24,16.309999465942383,15.979999542236328,16.15999984741211,16.200000762939453,9561000.0,15.851181030273438
2018-08-27,16.639999389648438,16.260000228881836,16.3700008392334,16.450000762939453,13743900.0,16.095800399780273
2018-08-28,16.799999237060547,16.510000228881836,16.530000686645508,16.739999771118164,10950200.0,16.379552841186523
2018-08-29,17.59000015258789,16.649999618530273,17.030000686645508,16.709999084472656,25330100.0,16.35019874572754
2018-08-30,17.079999923706055,16.719999313354492,16.739999771118164,16.790000915527344,16188100.0,16.428476333618164
2018-08-31,16.770000457763672,16.399999618530273,16.770000457763672,16.530000686645508,10675700.0,16.174074172973633
2018-09-04,16.71500015258789,16.170000076293945,16.420000076293945,16.670000076293945,10016400.0,16.311058044433594
2018-09-05,16.700000762939453,16.239999771118164,16.690000534057617,16.59000015258789,13574000.0,16.232784271240234
2018-09-06,16.6200008392334,16.420000076293945,16.559999465942383,16.520000457763672,8440700.0,16.164291381835938
2018-09-07,16.799999237060547,16.389999389648438,16.489999771118164,16.530000686645508,10228900.0,16.174074172973633
2018-09-10,16.549999237060547,16.260000228881836,16.540000915527344,16.40999984741211,12516300.0,16.056657791137695
2018-09-11,16.479999542236328,16.15999984741211,16.280000686645508,16.450000762939453,7953700.0,16.206905364990234
2018-09-12,16.469999313354492,16.25,16.389999389648438,16.399999618530273,5614500.0,16.157642364501953
2018-09-13,16.729999542236328,16.434999465942383,16.5,16.540000915527344,11155800.0,16.295576095581055
2018-09-14,16.65999984741211,16.475000381469727,16.549999237060547,16.579999923706055,8040300.0,16.334983825683594
2018-09-17,16.68000030517578,16.229999542236328,16.579999923706055,16.280000686645508,8686400.0,16.039419174194336
2018-09-18,16.68000030517578,16.264999389648438,16.309999465942383,16.549999237060547,6680200.0,16.3054256439209
2018-09-19,16.700000762939453,16.549999237060547,16.56999969482422,16.639999389648438,6871500.0,16.39409637451172
2018-09-20,16.979999542236328,16.68000030517578,16.700000762939453,16.8700008392334,8726300.0,16.620698928833008
2018-09-21,17.270000457763672,16.920000076293945,16.950000762939453,17.020000457763672,26709600.0,16.768482208251953
2018-09-24,17.024999618530273,16.860000610351562,17.0,16.920000076293945,7291300.0,16.669958114624023
2018-09-25,16.96500015258789,16.530000686645508,16.8700008392334,16.549999237060547,17845200.0,16.3054256439209
2018-09-26,16.719999313354492,16.4950008392334,16.59000015258789,16.510000228881836,8897900.0,16.26601791381836
2018-09-27,16.6299991607666,16.25,16.6299991607666,16.280000686645508,12514200.0,16.039419174194336
2018-09-28,16.43000030517578,16.170000076293945,16.25,16.309999465942383,12488000.0,16.068973541259766
2018-10-01,16.520000457763672,16.1299991607666,16.3700008392334,16.18000030517578,9808600.0,15.94089412689209
2018-10-02,16.6299991607666,16.139999389648438,16.139999389648438,16.530000686645508,9636500.0,16.285722732543945
2018-10-03,16.90999984741211,16.459999084472656,16.540000915527344,16.75,10580100.0,16.502471923828125
2018-10-04,17.0,16.780000686645508,16.790000915527344,16.850000381469727,10262800.0,16.600994110107422
2018-10-05,17.020000457763672,16.040000915527344,16.809999465942383,16.139999389648438,12794700.0,15.90148639678955
2018-10-08,16.149999618530273,15.859999656677246,16.06999969482422,15.890000343322754,8991800.0,15.655180931091309
2018-10-09,15.920000076293945,15.59000015258789,15.869999885559082,15.6899995803833,12074000.0,15.458135604858398
2018-10-10,15.770000457763672,15.09000015258789,15.649999618530273,15.109999656677246,10860900.0,14.886707305908203
2018-10-11,15.15999984741211,14.550000190734863,15.0600004196167,14.630000114440918,9075100.0,14.413800239562988
2018-10-12,15.460000038146973,14.890000343322754,14.920000076293945,15.420000076293945,16598800.0,15.192126274108887
2018-10-15,15.510000228881836,15.239999771118164,15.420000076293945,15.34000015258789,9344700.0,15.11330795288086
2018-10-16,15.539999961853027,15.270000457763672,15.449999809265137,15.510000228881836,6109300.0,15.28079605102539
2018-10-17,15.649999618530273,15.3100004196167,15.59000015258789,15.520000457763672,6231700.0,15.290648460388184
2018-10-18,15.529999732971191,15.100000381469727,15.399999618530273,15.329999923706055,8275200.0,15.103455543518066
2018-10-19,15.630000114440918,15.34000015258789,15.350000381469727,15.4399995803833,7652700.0,15.211830139160156
2018-10-22,15.890000343322754,15.520000457763672,15.539999961853027,15.84000015258789,7881600.0,15.605918884277344
2018-10-23,15.75,15.3100004196167,15.529999732971191,15.649999618530273,9081300.0,15.418726921081543
2018-10-24,15.795000076293945,15.0600004196167,15.630000114440918,15.09000015258789,8119500.0,14.867003440856934
2018-10-25,15.345000267028809,15.079999923706055,15.199999809265137,15.149999618530273,8175700.0,14.926115036010742
2018-10-26,14.979999542236328,14.47599983215332,14.970000267028809,14.630000114440918,10469500.0,14.413800239562988
2018-10-29,15.050000190734863,14.359999656677246,14.800000190734863,14.569999694824219,8024400.0,14.354686737060547
2018-10-30,14.9399995803833,14.510000228881836,14.569999694824219,14.930000305175781,8297100.0,14.709367752075195
2018-10-31,15.520000457763672,15.140000343322754,15.140000343322754,15.25,9547400.0,15.024638175964355
2018-11-01,15.800000190734863,15.239999771118164,15.239999771118164,15.800000190734863,6066800.0,15.566510200500488
2018-11-02,16.094999313354492,15.734999656677246,15.829999923706055,15.890000343322754,15140700.0,15.655180931091309
2018-11-05,16.010000228881836,15.680000305175781,15.890000343322754,15.930000305175781,6268100.0,15.694589614868164
2018-11-06,16.06999969482422,15.829999923706055,15.930000305175781,15.880000114440918,13047300.0,15.645328521728516
2018-11-07,16.25,15.84000015258789,16.030000686645508,16.239999771118164,18460200.0,16.00000762939453
2018-11-08,16.518999099731445,16.149999618530273,16.190000534057617,16.25,7195500.0,16.009859085083008
2018-11-09,16.19499969482422,15.5649995803833,16.1299991607666,15.720000267028809,10721500.0,15.487692832946777
2018-11-12,15.604999542236328,15.1899995803833,15.579999923706055,15.279999732971191,9571300.0,15.054194450378418
2018-11-13,15.609999656677246,15.244999885559082,15.3100004196167,15.34000015258789,9517000.0,15.11330795288086
2018-11-14,15.675000190734863,15.109999656677246,15.479999542236328,15.149999618530273,16235400.0,14.926115036010742
2018-11-15,15.479999542236328,14.890000343322754,15.069999694824219,15.319999694824219,15280000.0,15.09360408782959
2018-11-16,15.350000381469727,15.100000381469727,15.279999732971191,15.199999809265137,11150600.0,14.97537612915039
2018-11-19,15.21500015258789,14.699999809265137,15.100000381469727,14.829999923706055,12707700.0,14.610844612121582
2018-11-20,14.800000190734863,14.404999732971191,14.600000381469727,14.529999732971191,11300700.0,14.315278053283691
2018-11-21,14.930000305175781,14.630000114440918,14.640000343322754,14.699999809265137,8652300.0,14.482766151428223
2018-11-23,14.71500015258789,14.489999771118164,14.5600004196167,14.539999961853027,2909400.0,14.325130462646484
2018-11-26,14.984999656677246,14.6899995803833,14.720000267028809,14.90999984741211,9953900.0,14.68966293334961
2018-11-27,15.0600004196167,14.760000228881836,14.789999961853027,15.0600004196167,7771900.0,14.837446212768555
2018-11-28,15.460000038146973,14.899999618530273,15.180000305175781,15.460000038146973,13439200.0,15.231534957885742
2018-11-29,15.420000076293945,15.100000381469727,15.399999618530273,15.119999885559082,10922000.0,14.89655876159668
2018-11-30,15.140000343322754,14.770000457763672,15.09000015258789,15.0,20963100.0,14.778332710266113
2018-12-03,15.529999732971191,15.220000267028809,15.260000228881836,15.5,14845100.0,15.270943641662598
2018-12-04,15.539999961853027,14.979999542236328,15.420000076293945,15.050000190734863,18349500.0,14.827593803405762
2018-12-06,16.260000228881836,14.5600004196167,14.8100004196167,16.020000457763672,29136600.0,15.783259391784668
2018-12-07,15.970000267028809,14.65999984741211,15.970000267028809,14.710000038146973,18469900.0,14.4926176071167
2018-12-10,14.845000267028809,14.1899995803833,14.619999885559082,14.569999694824219,14047500.0,14.354686737060547
2018-12-11,14.829999923706055,14.380000114440918,14.579999923706055,14.739999771118164,16343600.0,14.635178565979004
2018-12-12,14.989999771118164,14.630000114440918,14.960000038146973,14.640000343322754,14122900.0,14.535889625549316
2018-12-13,14.930000305175781,14.4399995803833,14.649999618530273,14.489999771118164,12862100.0,14.386956214904785
2018-12-14,14.460000038146973,14.199999809265137,14.350000381469727,14.220000267028809,11166200.0,14.118876457214355
2018-12-17,14.270000457763672,13.550000190734863,14.170000076293945,13.59000015258789,17072700.0,13.493356704711914
2018-12-18,13.930000305175781,13.539999961853027,13.710000038146973,13.630000114440918,12805000.0,13.533072471618652
2018-12-19,13.84000015258789,13.069999694824219,13.59000015258789,13.170000076293945,14299900.0,13.076343536376953
2018-12-20,13.15999984741211,12.595000267028809,13.079999923706055,12.649999618530273,18528300.0,12.560040473937988
2018-12-21,13.0,12.484999656677246,12.65999984741211,12.609999656677246,25427500.0,12.520325660705566
2018-12-24,12.595000267028809,12.225000381469727,12.460000038146973,12.270000457763672,5400200.0,12.182744026184082
2018-12-26,12.859999656677246,12.086999893188477,12.34000015258789,12.8100004196167,10312200.0,12.718903541564941
2018-12-27,13.119999885559082,12.539999961853027,12.6899995803833,13.100000381469727,8150300.0,13.006841659545898
2018-12-28,13.3149995803833,12.970000267028809,13.210000038146973,13.029999732971191,8727000.0,12.937338829040527
2018-12-31,13.255000114440918,13.029999732971191,13.170000076293945,13.210000038146973,6453800.0,13.116059303283691
2019-01-02,13.640000343322754,12.949999809265137,12.949999809265137,13.460000038146973,10865500.0,13.364280700683594
2019-01-03,13.369999885559082,12.930000305175781,13.279999732971191,13.180000305175781,11921700.0,13.086272239685059
2019-01-04,13.920000076293945,13.449999809265137,13.510000228881836,13.800000190734863,11277100.0,13.701863288879395
2019-01-07,14.170000076293945,13.75,13.819999694824219,14.069999694824219,8027500.0,13.969943046569824
2019-01-08,14.3100004196167,13.6850004196167,14.1899995803833,13.800000190734863,12732500.0,13.701863288879395
2019-01-09,14.194999694824219,13.880000114440918,13.880000114440918,14.0600004196167,7668100.0,13.960014343261719
2019-01-10,14.140000343322754,13.880000114440918,13.989999771118164,14.130000114440918,8556200.0,14.029516220092773
2019-01-11,14.260000228881836,13.890000343322754,14.039999961853027,14.239999771118164,6507200.0,14.138733863830566
2019-01-14,14.307000160217285,14.010000228881836,14.109999656677246,14.15999984741211,8960300.0,14.059303283691406
2019-01-15,14.489999771118164,14.170000076293945,14.210000038146973,14.4399995803833,6786400.0,14.337311744689941
2019-01-16,14.369999885559082,13.729999542236328,13.770000457763672,14.319999694824219,12256800.0,14.218164443969727
2019-01-17,14.399999618530273,14.100000381469727,14.260000228881836,14.270000457763672,6240000.0,14.1685209274292
2019-01-18,14.75,14.380000114440918,14.380000114440918,14.680000305175781,8935900.0,14.575605392456055
2019-01-22,14.65999984741211,14.350000381469727,14.65999984741211,14.449999809265137,9537600.0,14.347240447998047
2019-01-23,14.6899995803833,14.319999694824219,14.520000457763672,14.4399995803833,6831400.0,14.337311744689941
2019-01-24,14.880000114440918,14.4399995803833,14.479999542236328,14.760000228881836,7087900.0,14.655035972595215
2019-01-25,15.380000114440918,14.904999732971191,14.9399995803833,15.350000381469727,17843400.0,15.240840911865234
2019-01-28,15.670000076293945,15.069999694824219,15.109999656677246,15.65999984741211,29335800.0,15.548635482788086
2019-01-29,15.859999656677246,15.364999771118164,15.75,15.369999885559082,20884100.0,15.260698318481445
2019-01-30,15.670000076293945,15.274999618530273,15.479999542236328,15.520000457763672,7852300.0,15.409631729125977
2019-01-31,15.649999618530273,15.350000381469727,15.470000267028809,15.59000015258789,11945800.0,15.479133605957031
2019-02-01,15.8100004196167,15.5649995803833,15.6899995803833,15.6899995803833,9152100.0,15.578422546386719
2019-02-04,15.850000381469727,15.579999923706055,15.729999542236328,15.789999961853027,9193800.0,15.677711486816406
2019-02-05,16.099000930786133,15.779999732971191,15.789999961853027,15.890000343322754,6625700.0,15.777000427246094
2019-02-06,16.190000534057617,15.899999618530273,15.9399995803833,16.09000015258789,7159000.0,15.975578308105469
2019-02-07,16.094999313354492,15.75,15.90999984741211,15.850000381469727,6135500.0,15.737285614013672
2019-02-08,15.925000190734863,15.619999885559082,15.65999984741211,15.920000076293945,7984700.0,15.806787490844727
2019-02-11,16.045000076293945,15.829999923706055,15.90999984741211,15.84000015258789,7940000.0,15.72735595703125
2019-02-12,16.149999618530273,15.970000267028809,16.010000228881836,16.0,13904500.0,15.886218070983887
2019-02-13,16.239999771118164,16.030000686645508,16.100000381469727,16.049999237060547,11945600.0,15.935861587524414
2019-02-14,16.1299991607666,15.859999656677246,15.90999984741211,15.989999771118164,7968600.0,15.876289367675781
2019-02-15,16.239999771118164,15.989999771118164,16.110000610351562,16.09000015258789,11932700.0,15.975578308105469
2019-02-19,16.1299991607666,15.979999542236328,16.030000686645508,16.09000015258789,8588900.0,15.975578308105469
2019-02-20,16.219999313354492,16.030000686645508,16.100000381469727,16.049999237060547,9809100.0,15.935861587524414
2019-02-21,16.389999389648438,16.030000686645508,16.110000610351562,16.229999542236328,15909700.0,16.114582061767578
2019-02-22,16.5,16.010000228881836,16.5,16.31999969482422,22478500.0,16.203941345214844
2019-02-25,16.920000076293945,16.344999313354492,16.350000381469727,16.760000228881836,13110200.0,16.64081382751465
2019-02-26,16.969999313354492,16.709999084472656,16.729999542236328,16.799999237060547,10049500.0,16.68052864074707
2019-02-27,16.815000534057617,16.69499969482422,16.75,16.700000762939453,8381300.0,16.581241607666016
2019-02-28,16.649999618530273,16.34000015258789,16.600000381469727,16.3799991607666,13489400.0,16.26351547241211
2019-03-01,16.540000915527344,16.2549991607666,16.540000915527344,16.3799991607666,21879800.0,16.26351547241211
2019-03-04,16.520000457763672,15.9399995803833,16.450000762939453,16.15999984741211,14646300.0,16.045080184936523
2019-03-05,16.239999771118164,15.920000076293945,16.09000015258789,16.139999389648438,15853200.0,16.025222778320312
2019-03-06,16.139999389648438,15.9399995803833,16.110000610351562,15.960000038146973,6343400.0,15.846502304077148
2019-03-07,15.9399995803833,15.600000381469727,15.859999656677246,15.670000076293945,14207900.0,15.558565139770508
2019-03-08,15.664999961853027,15.414999961853027,15.520000457763672,15.609999656677246,7801900.0,15.498991012573242
2019-03-11,15.930000305175781,15.635000228881836,15.640000343322754,15.890000343322754,11689000.0,15.777000427246094
2019-03-12,15.489999771118164,15.130000114440918,15.350000381469727,15.3100004196167,17676400.0,15.3100004196167
2019-03-13,15.59000015258789,15.319999694824219,15.380000114440918,15.520000457763672,11306000.0,15.520000457763672
2019-03-14,15.71500015258789,15.489999771118164,15.59000015258789,15.65999984741211,10097400.0,15.65999984741211
2019-03-15,16.104999542236328,15.65999984741211,15.65999984741211,16.06999969482422,20228300.0,16.06999969482422
2019-03-18,16.110000610351562,15.739999771118164,16.0,15.84000015258789,11519400.0,15.84000015258789
2019-03-19,16.040000915527344,15.831000328063965,15.899999618530273,15.880000114440918,15502600.0,15.880000114440918
2019-03-20,16.040000915527344,15.770000457763672,15.869999885559082,15.869999885559082,10351700.0,15.869999885559082
2019-03-21,16.1200008392334,15.890000343322754,15.890000343322754,16.020000457763672,17721300.0,16.020000457763672
2019-03-22,15.9399995803833,15.270000457763672,15.800000190734863,15.289999961853027,12345200.0,15.289999961853027
2019-03-25,15.380000114440918,15.050000190734863,15.300000190734863,15.149999618530273,12410800.0,15.149999618530273
2019-03-26,15.454999923706055,15.180000305175781,15.1899995803833,15.3100004196167,9274600.0,15.3100004196167
2019-03-27,15.4350004196167,15.170000076293945,15.359999656677246,15.260000228881836,7722000.0,15.260000228881836
2019-03-28,15.53499984741211,15.229999542236328,15.350000381469727,15.260000228881836,9649400.0,15.260000228881836
