Date,High,Low,Open,Close,Volume,Adj Close
2016-11-10,32.349998474121094,29.81999969482422,32.040000915527344,30.329999923706055,35019076.0,29.383943557739258
2016-11-11,30.09000015258789,28.850000381469727,29.799999237060547,29.889999389648438,6020148.0,28.957670211791992
2016-11-14,30.43000030517578,28.75,29.34000015258789,30.190000534057617,4481901.0,29.248313903808594
2016-11-15,30.700000762939453,29.6200008392334,29.639999389648438,30.43000030517578,3667200.0,29.480825424194336
2016-11-16,32.040000915527344,30.610000610351562,30.770000457763672,31.700000762939453,4341400.0,30.711212158203125
2016-11-17,33.064998626708984,30.635000228881836,31.399999618530273,32.5099983215332,5252000.0,31.495943069458008
2016-11-18,33.099998474121094,31.790000915527344,32.13999938964844,32.68000030517578,4253200.0,31.66064453125
2016-11-21,32.5,31.290000915527344,32.2599983215332,31.739999771118164,5036700.0,30.749961853027344
2016-11-22,33.150001525878906,30.43000030517578,31.520000457763672,32.70000076293945,5601700.0,31.680021286010742
2016-11-23,33.470001220703125,32.5,32.70000076293945,33.02000045776367,3619500.0,31.990036010742188
2016-11-25,32.779998779296875,32.27000045776367,32.7599983215332,32.59000015258789,827800.0,31.57345199584961
2016-11-28,33.5,32.16999816894531,32.27000045776367,32.7400016784668,1928500.0,31.718769073486328
2016-11-29,33.36000061035156,32.720001220703125,33.04999923706055,33.189998626708984,2139500.0,32.15473556518555
2016-11-30,34.29999923706055,33.0,33.2599983215332,33.47999954223633,2764900.0,32.43568801879883
2016-12-01,33.2599983215332,32.185001373291016,33.040000915527344,32.5099983215332,2914900.0,31.495943069458008
2016-12-02,33.209999084472656,32.0099983215332,32.15999984741211,32.9900016784668,1213100.0,31.960969924926758
2016-12-05,33.7599983215332,32.75,32.869998931884766,33.650001525878906,2004700.0,32.600399017333984
2016-12-06,33.86000061035156,33.209999084472656,33.45000076293945,33.81999969482422,1622900.0,32.76508331298828
2016-12-07,34.97999954223633,34.0,34.06999969482422,34.75,3809400.0,33.666072845458984
2016-12-08,36.0,34.61000061035156,34.90999984741211,35.93000030517578,2603000.0,34.809268951416016
2016-12-09,36.5099983215332,35.599998474121094,35.81999969482422,36.380001068115234,1993100.0,35.24523162841797
2016-12-12,37.21500015258789,36.310001373291016,36.380001068115234,36.72999954223633,1258300.0,35.584320068359375
2016-12-13,37.09000015258789,35.66999816894531,36.970001220703125,36.58000183105469,1814000.0,35.43899917602539
2016-12-14,37.0,34.970001220703125,36.619998931884766,35.150001525878906,3886300.0,34.0536003112793
2016-12-15,35.263999938964844,34.150001525878906,35.060001373291016,34.380001068115234,1555100.0,33.307621002197266
2016-12-16,35.470001220703125,34.279998779296875,34.34000015258789,35.2599983215332,3570800.0,34.1601676940918
2016-12-19,35.84000015258789,34.27000045776367,35.310001373291016,34.47999954223633,1983200.0,33.40449523925781
2016-12-20,35.11000061035156,34.20000076293945,34.220001220703125,34.95000076293945,944900.0,33.85983657836914
2016-12-21,35.220001220703125,34.459999084472656,34.63999938964844,35.02000045776367,703600.0,33.92765808105469
2016-12-22,36.619998931884766,34.79999923706055,35.0,36.33000183105469,1438500.0,35.19679641723633
2016-12-23,37.06999969482422,35.970001220703125,36.40999984741211,36.849998474121094,888300.0,35.70056915283203
2016-12-27,37.4900016784668,36.61000061035156,36.650001525878906,37.34000015258789,822200.0,36.17528533935547
2016-12-28,37.65999984741211,37.0099983215332,37.25,37.22999954223633,533800.0,36.06871795654297
2016-12-29,37.959999084472656,37.143001556396484,37.369998931884766,37.77000045776367,658500.0,36.59187316894531
2016-12-30,38.52000045776367,37.67499923706055,37.7400016784668,37.849998474121094,773000.0,36.669376373291016
2017-01-03,38.599998474121094,37.36000061035156,37.709999084472656,37.4900016784668,2007000.0,36.320613861083984
2017-01-04,38.40999984741211,36.42499923706055,37.66999816894531,36.97999954223633,1712300.0,35.82651901245117
2017-01-05,37.709999084472656,36.47999954223633,36.97999954223633,36.619998931884766,1099600.0,35.47774124145508
2017-01-06,36.959999084472656,36.060001373291016,36.41999816894531,36.83000183105469,1368000.0,35.68119812011719
2017-01-09,37.09000015258789,36.099998474121094,36.810001373291016,36.88999938964844,1333800.0,35.739322662353516
2017-01-10,38.959999084472656,36.189998626708984,38.790000915527344,36.84000015258789,3712600.0,35.69088363647461
2017-01-11,37.20000076293945,36.02000045776367,36.70000076293945,36.88999938964844,2185900.0,35.739322662353516
2017-01-12,37.0099983215332,36.119998931884766,36.689998626708984,36.959999084472656,1235200.0,35.80714797973633
2017-01-13,37.29999923706055,36.54999923706055,36.88999938964844,37.220001220703125,1010200.0,36.05904006958008
2017-01-17,37.220001220703125,36.75,37.13999938964844,36.88999938964844,1907200.0,35.739322662353516
2017-01-18,36.880001068115234,36.40999984741211,36.75,36.63999938964844,1214200.0,35.49712371826172
2017-01-19,37.0,36.33000183105469,36.790000915527344,36.959999084472656,890400.0,35.80714797973633
2017-01-20,37.560001373291016,36.77000045776367,36.95000076293945,37.11000061035156,1337000.0,35.95246124267578
2017-01-23,37.41999816894531,36.465999603271484,36.97999954223633,36.77000045776367,2035300.0,35.623069763183594
2017-01-24,37.66999816894531,36.59000015258789,36.65999984741211,37.4900016784668,1199600.0,36.320613861083984
2017-01-25,37.79999923706055,36.439998626708984,37.45000076293945,36.66999816894531,1183300.0,35.52617645263672
2017-01-26,36.869998931884766,36.25,36.38999938964844,36.33000183105469,1015300.0,35.377685546875
2017-01-27,36.540000915527344,35.810001373291016,36.400001525878906,36.439998626708984,1088400.0,35.484806060791016
2017-01-30,36.93000030517578,36.20000076293945,36.20000076293945,36.779998779296875,912300.0,35.815887451171875
2017-01-31,37.54999923706055,36.68000030517578,36.68000030517578,37.36000061035156,1625200.0,36.38068389892578
2017-02-01,37.970001220703125,37.15999984741211,37.58000183105469,37.77000045776367,2212200.0,36.77993392944336
2017-02-02,38.810001373291016,37.61000061035156,37.70000076293945,38.41999816894531,2496300.0,37.41289520263672
2017-02-03,39.470001220703125,38.459999084472656,38.4900016784668,38.900001525878906,1495200.0,37.88032150268555
2017-02-06,39.349998474121094,38.72100067138672,39.130001068115234,39.2400016784668,1097600.0,38.21141052246094
2017-02-07,39.79999923706055,38.97999954223633,39.25,39.40999984741211,1362100.0,38.376949310302734
2017-02-08,39.689998626708984,38.58000183105469,39.279998779296875,39.15999984741211,1575200.0,38.13350296020508
2017-02-09,39.52000045776367,38.689998626708984,39.15999984741211,39.08000183105469,1138900.0,38.05560302734375
2017-02-10,39.56999969482422,38.599998474121094,39.0,39.27000045776367,868900.0,38.24061584472656
2017-02-13,39.709999084472656,38.83000183105469,39.2400016784668,39.43000030517578,1128300.0,38.396427154541016
2017-02-14,39.7400016784668,39.25,39.33000183105469,39.650001525878906,1098400.0,38.61065673828125
2017-02-15,39.75,39.20000076293945,39.5,39.630001068115234,1387700.0,38.591182708740234
2017-02-16,40.15999984741211,39.560001373291016,39.56999969482422,39.900001525878906,1034800.0,38.854103088378906
2017-02-17,39.95000076293945,39.29999923706055,39.77000045776367,39.619998931884766,1488000.0,38.581443786621094
2017-02-21,40.130001068115234,39.29999923706055,39.560001373291016,39.619998931884766,1295400.0,38.581443786621094
2017-02-22,40.0,39.40999984741211,39.40999984741211,39.849998474121094,800800.0,38.80541229248047
2017-02-23,39.95000076293945,39.27000045776367,39.95000076293945,39.5,564200.0,38.4645881652832
2017-02-24,39.65999984741211,39.321998596191406,39.5,39.58000183105469,374900.0,38.54249572753906
2017-02-27,39.70000076293945,39.08000183105469,39.70000076293945,39.47999954223633,603400.0,38.44511032104492
2017-02-28,39.790000915527344,39.189998626708984,39.439998626708984,39.189998626708984,653800.0,38.16271209716797
2017-03-01,40.040000915527344,39.06999969482422,39.099998474121094,39.95000076293945,734400.0,38.90279769897461
2017-03-02,40.38999938964844,39.55699920654297,39.70000076293945,40.220001220703125,818900.0,39.16571807861328
2017-03-03,40.46699905395508,39.529998779296875,40.08000183105469,40.400001525878906,1254100.0,39.34099578857422
2017-03-06,40.61000061035156,40.060001373291016,40.369998931884766,40.41999816894531,1784400.0,39.3604736328125
2017-03-07,41.04999923706055,40.04499816894531,40.2599983215332,40.7400016784668,1684000.0,39.67208480834961
2017-03-08,41.08000183105469,40.41999816894531,40.650001525878906,40.720001220703125,1926500.0,39.652610778808594
2017-03-09,41.099998474121094,40.540000915527344,40.790000915527344,40.97999954223633,1533800.0,39.90579605102539
2017-03-10,41.599998474121094,40.86399841308594,41.02000045776367,41.400001525878906,1544100.0,40.314788818359375
2017-03-13,41.61000061035156,41.310001373291016,41.38999938964844,41.529998779296875,1383900.0,40.441375732421875
2017-03-14,42.25,41.323001861572266,41.5,42.209999084472656,992300.0,41.10354995727539
2017-03-15,43.470001220703125,42.279998779296875,42.439998626708984,42.36000061035156,2309500.0,41.24961853027344
2017-03-16,42.5,41.75,42.279998779296875,41.9900016784668,1065300.0,40.889320373535156
2017-03-17,42.38999938964844,41.66999816894531,41.939998626708984,42.25,1609000.0,41.14249801635742
2017-03-20,42.630001068115234,42.090999603271484,42.310001373291016,42.47999954223633,1693200.0,41.36647415161133
2017-03-21,43.125,42.540000915527344,42.59000015258789,42.869998931884766,1640100.0,41.74626159667969
2017-03-22,43.47999954223633,42.43000030517578,43.02000045776367,42.439998626708984,1391700.0,41.32752227783203
2017-03-23,43.279998779296875,42.220001220703125,42.400001525878906,43.0099983215332,1135600.0,41.8825798034668
2017-03-24,43.23500061035156,42.66999816894531,43.0,42.66999816894531,1338300.0,41.551490783691406
2017-03-27,43.02000045776367,42.220001220703125,42.529998779296875,42.959999084472656,812700.0,41.833892822265625
2017-03-28,43.20000076293945,42.65999984741211,42.86000061035156,42.91999816894531,901800.0,41.79494094848633
2017-03-29,42.95000076293945,42.52000045776367,42.880001068115234,42.63999938964844,704000.0,41.522281646728516
2017-03-30,42.70000076293945,42.060001373291016,42.70000076293945,42.09000015258789,640800.0,40.98670196533203
2017-03-31,42.14500045776367,41.810001373291016,42.06999969482422,42.060001373291016,1003800.0,40.957489013671875
2017-04-03,42.25,41.75,42.0099983215332,42.0,914700.0,40.899051666259766
2017-04-04,42.220001220703125,41.540000915527344,42.08000183105469,42.189998626708984,1297300.0,41.08407211303711
2017-04-05,42.5,41.70000076293945,42.130001068115234,41.7400016784668,816300.0,40.6458740234375
2017-04-06,43.400001525878906,40.61000061035156,43.119998931884766,43.13999938964844,2956500.0,42.00917053222656
2017-04-07,43.2599983215332,41.75,42.130001068115234,42.9900016784668,2618100.0,41.86310958862305
2017-04-10,43.0099983215332,42.18000030517578,42.939998626708984,42.7599983215332,1236700.0,41.639129638671875
2017-04-11,42.88999938964844,42.09400177001953,42.779998779296875,42.880001068115234,1170500.0,41.755985260009766
2017-04-12,42.95000076293945,42.08000183105469,42.900001525878906,42.15999984741211,717600.0,41.05486297607422
2017-04-13,42.34000015258789,41.869998931884766,42.18000030517578,41.869998931884766,531800.0,40.772464752197266
2017-04-17,42.2599983215332,41.755001068115234,41.88999938964844,42.22999954223633,508300.0,41.123023986816406
2017-04-18,42.439998626708984,41.9900016784668,42.27000045776367,42.380001068115234,812900.0,41.269100189208984
2017-04-19,42.38999938964844,42.0099983215332,42.290000915527344,42.20000076293945,526300.0,41.09381866455078
2017-04-20,42.7400016784668,42.02000045776367,42.310001373291016,42.599998474121094,415600.0,41.48332977294922
2017-04-21,42.56999969482422,42.040000915527344,42.56999969482422,42.2599983215332,679600.0,41.152244567871094
2017-04-24,42.709999084472656,42.20000076293945,42.529998779296875,42.66999816894531,555600.0,41.551490783691406
2017-04-25,42.93000030517578,42.279998779296875,42.84000015258789,42.459999084472656,840100.0,41.34699630737305
2017-04-26,42.380001068115234,41.959999084472656,42.33000183105469,42.2400016784668,901200.0,41.315216064453125
2017-04-27,42.849998474121094,42.130001068115234,42.13999938964844,42.63999938964844,991400.0,41.70645523071289
2017-04-28,42.63999938964844,41.54999923706055,42.59000015258789,41.75,1173800.0,40.835941314697266
2017-05-01,41.970001220703125,41.349998474121094,41.86000061035156,41.79999923706055,1440300.0,40.88484573364258
2017-05-02,42.02000045776367,40.90999984741211,41.68000030517578,41.38999938964844,1039700.0,40.48381423950195
2017-05-03,41.439998626708984,40.83000183105469,41.16999816894531,40.900001525878906,800600.0,40.00455093383789
2017-05-04,41.400001525878906,40.75,41.18000030517578,41.2599983215332,959100.0,40.356666564941406
2017-05-05,41.6349983215332,41.18000030517578,41.18000030517578,41.56999969482422,595200.0,40.659881591796875
2017-05-08,41.619998931884766,41.119998931884766,41.41999816894531,41.58000183105469,739200.0,40.66965866088867
2017-05-09,41.900001525878906,41.310001373291016,41.619998931884766,41.75,715000.0,40.835941314697266
2017-05-10,42.470001220703125,41.650001525878906,41.68000030517578,42.470001220703125,1017200.0,41.54018020629883
2017-05-11,42.5,41.91999816894531,42.33000183105469,42.20000076293945,1006900.0,41.27608871459961
2017-05-12,42.369998931884766,42.06999969482422,42.06999969482422,42.20000076293945,523100.0,41.27608871459961
2017-05-15,42.959999084472656,42.13999938964844,42.13999938964844,42.93000030517578,601600.0,41.99010467529297
2017-05-16,44.5099983215332,43.099998474121094,43.22999954223633,44.470001220703125,1805900.0,43.49638748168945
2017-05-17,44.709999084472656,44.029998779296875,44.470001220703125,44.16999816894531,1248000.0,43.20295333862305
2017-05-18,44.220001220703125,43.720001220703125,44.04999923706055,43.939998626708984,2490800.0,42.97799301147461
2017-05-19,44.84000015258789,44.04999923706055,44.41999816894531,44.380001068115234,740200.0,43.40835952758789
2017-05-22,44.75,44.290000915527344,44.5,44.58000183105469,531800.0,43.603981018066406
2017-05-23,44.72999954223633,44.15999984741211,44.5099983215332,44.220001220703125,650800.0,43.25186538696289
2017-05-24,45.5099983215332,44.400001525878906,44.68000030517578,45.4900016784668,1182000.0,44.494056701660156
2017-05-25,45.91999816894531,45.400001525878906,45.58000183105469,45.630001068115234,561400.0,44.63099670410156
2017-05-26,45.810001373291016,45.310001373291016,45.54999923706055,45.65999984741211,434200.0,44.66033935546875
2017-05-30,46.31999969482422,45.40999984741211,45.5,46.16999816894531,756900.0,45.1591682434082
2017-05-31,46.81999969482422,46.310001373291016,46.310001373291016,46.40999984741211,879700.0,45.39391326904297
2017-06-01,47.400001525878906,46.33000183105469,46.47999954223633,47.31999969482422,740500.0,46.283992767333984
2017-06-02,47.9900016784668,47.0,47.560001373291016,47.380001068115234,634100.0,46.34267807006836
2017-06-05,47.459999084472656,46.40999984741211,47.150001525878906,46.709999084472656,653600.0,45.687347412109375
2017-06-06,46.70500183105469,45.939998626708984,46.650001525878906,46.66999816894531,568100.0,45.648216247558594
2017-06-07,47.209999084472656,46.32500076293945,46.7599983215332,46.90999984741211,691100.0,45.882972717285156
2017-06-08,46.90999984741211,46.47999954223633,46.900001525878906,46.5,374000.0,45.48194885253906
2017-06-09,46.7599983215332,45.849998474121094,46.58000183105469,46.029998779296875,862700.0,45.02223205566406
2017-06-12,46.279998779296875,45.20000076293945,46.15999984741211,45.43000030517578,611500.0,44.435367584228516
2017-06-13,46.2400016784668,45.470001220703125,45.599998474121094,45.97999954223633,592500.0,44.97333526611328
2017-06-14,46.130001068115234,45.459999084472656,45.79999923706055,45.59000015258789,760000.0,44.59186935424805
2017-06-15,45.63999938964844,45.060001373291016,45.459999084472656,45.31999969482422,480300.0,44.32777786254883
2017-06-16,45.27000045776367,43.88999938964844,45.18000030517578,45.06999969482422,1658200.0,44.083251953125
2017-06-19,45.650001525878906,44.959999084472656,44.959999084472656,45.54999923706055,906200.0,44.552738189697266
2017-06-20,45.93000030517578,45.47999954223633,45.86000061035156,45.72999954223633,447500.0,44.72880554199219
2017-06-21,46.18000030517578,45.56999969482422,45.90999984741211,45.81999969482422,812100.0,44.816829681396484
2017-06-22,46.0099983215332,45.40999984741211,45.83000183105469,45.59000015258789,310800.0,44.59186935424805
2017-06-23,45.72999954223633,45.310001373291016,45.540000915527344,45.560001373291016,2435400.0,44.562530517578125
2017-06-26,45.7400016784668,45.060001373291016,45.619998931884766,45.34000015258789,483000.0,44.34733963012695
2017-06-27,45.369998931884766,44.52000045776367,45.279998779296875,44.689998626708984,591400.0,43.71157455444336
2017-06-28,45.7400016784668,44.650001525878906,44.86000061035156,45.369998931884766,663600.0,44.376686096191406
2017-06-29,45.310001373291016,44.040000915527344,45.29999923706055,44.130001068115234,762100.0,43.16383743286133
2017-06-30,44.5099983215332,43.959999084472656,44.290000915527344,44.040000915527344,652600.0,43.0758056640625
2017-07-03,44.15999984741211,43.31999969482422,44.02000045776367,43.86000061035156,618100.0,42.899742126464844
2017-07-05,44.06999969482422,43.2599983215332,43.66999816894531,43.27000045776367,820600.0,42.322662353515625
2017-07-06,43.2400016784668,42.744998931884766,43.130001068115234,42.900001525878906,726300.0,41.96076202392578
2017-07-07,43.400001525878906,42.7599983215332,43.0099983215332,43.099998474121094,516800.0,42.1563835144043
2017-07-10,43.2599983215332,42.58000183105469,43.20000076293945,42.7400016784668,1034900.0,41.80426025390625
2017-07-11,43.810001373291016,42.58000183105469,42.810001373291016,43.790000915527344,1129600.0,42.83127212524414
2017-07-12,44.529998779296875,43.75,44.0,44.0,931900.0,43.03667449951172
2017-07-13,44.189998626708984,43.47999954223633,44.029998779296875,43.77000045776367,696700.0,42.81171798706055
2017-07-14,44.09000015258789,43.60499954223633,43.79999923706055,43.650001525878906,358100.0,42.69434356689453
2017-07-17,44.18000030517578,43.400001525878906,43.66999816894531,43.9900016784668,512500.0,43.02689743041992
2017-07-18,44.34000015258789,43.85499954223633,44.02000045776367,44.130001068115234,568800.0,43.16383743286133
2017-07-19,44.56999969482422,44.04999923706055,44.20000076293945,44.380001068115234,592600.0,43.40835952758789
2017-07-20,44.5099983215332,44.220001220703125,44.439998626708984,44.279998779296875,470100.0,43.310550689697266
2017-07-21,45.20000076293945,44.27000045776367,44.29999923706055,45.0,1989000.0,44.01478576660156
2017-07-24,45.2599983215332,44.459999084472656,44.810001373291016,44.75,961900.0,43.770259857177734
2017-07-25,49.939998626708984,45.02000045776367,47.380001068115234,45.68000030517578,3175200.0,44.679893493652344
2017-07-26,46.0099983215332,44.18000030517578,45.5099983215332,44.279998779296875,1260000.0,43.310550689697266
2017-07-27,44.540000915527344,43.720001220703125,44.290000915527344,43.86000061035156,1866100.0,42.899742126464844
2017-07-28,44.180999755859375,43.599998474121094,43.689998626708984,43.81999969482422,951100.0,42.860618591308594
2017-07-31,44.150001525878906,43.643001556396484,43.650001525878906,43.97999954223633,1196700.0,43.01711654663086
2017-08-01,44.2599983215332,43.90999984741211,44.209999084472656,44.040000915527344,1093500.0,43.0758056640625
2017-08-02,44.130001068115234,43.25,43.86000061035156,43.7599983215332,1002600.0,42.98493957519531
2017-08-03,43.7400016784668,43.119998931884766,43.7400016784668,43.220001220703125,691500.0,42.454505920410156
2017-08-04,43.619998931884766,42.900001525878906,43.40999984741211,43.619998931884766,441600.0,42.84741973876953
2017-08-07,44.11000061035156,43.40999984741211,43.619998931884766,43.86000061035156,555500.0,43.083168029785156
2017-08-08,43.7599983215332,43.209999084472656,43.7400016784668,43.560001373291016,789300.0,42.78848648071289
2017-08-09,43.810001373291016,43.0,43.45000076293945,43.5099983215332,690700.0,42.73936462402344
2017-08-10,44.380001068115234,43.279998779296875,43.43000030517578,44.34000015258789,620000.0,43.5546760559082
2017-08-11,44.810001373291016,44.08000183105469,44.33000183105469,44.810001373291016,452800.0,44.01634979248047
2017-08-14,45.060001373291016,44.69499969482422,44.869998931884766,44.810001373291016,690800.0,44.01634979248047
2017-08-15,45.08000183105469,44.70000076293945,44.900001525878906,45.02000045776367,439800.0,44.222625732421875
2017-08-16,45.56999969482422,44.91999816894531,45.11000061035156,45.36000061035156,523200.0,44.556602478027344
2017-08-17,45.900001525878906,45.119998931884766,45.290000915527344,45.369998931884766,729800.0,44.56642532348633
2017-08-18,45.310001373291016,44.86000061035156,45.209999084472656,45.27000045776367,755600.0,44.468196868896484
2017-08-21,45.58000183105469,45.013999938964844,45.13999938964844,45.45000076293945,697200.0,44.64501190185547
2017-08-22,45.970001220703125,45.38999938964844,45.5,45.65999984741211,858600.0,44.85129165649414
2017-08-23,45.7400016784668,45.029998779296875,45.56999969482422,45.59000015258789,709100.0,44.78253173828125
2017-08-24,45.61000061035156,44.814998626708984,45.61000061035156,45.0,1029500.0,44.202980041503906
2017-08-25,45.22999954223633,44.810001373291016,45.060001373291016,45.040000915527344,983000.0,44.24227523803711
2017-08-28,45.189998626708984,44.720001220703125,45.189998626708984,44.880001068115234,981200.0,44.08510971069336
2017-08-29,45.15999984741211,44.72999954223633,44.779998779296875,45.06999969482422,975900.0,44.2717399597168
2017-08-30,45.2400016784668,44.68000030517578,45.11000061035156,45.16999816894531,731800.0,44.36996841430664
2017-08-31,45.709999084472656,45.0099983215332,45.11000061035156,45.47999954223633,652000.0,44.674476623535156
2017-09-01,46.150001525878906,45.54999923706055,45.720001220703125,45.9900016784668,545600.0,45.17544937133789
2017-09-05,46.22999954223633,45.560001373291016,46.04999923706055,45.7400016784668,1071500.0,44.929874420166016
2017-09-06,45.80500030517578,45.02000045776367,45.7400016784668,45.31999969482422,730500.0,44.517311096191406
2017-09-07,45.58000183105469,45.040000915527344,45.38999938964844,45.279998779296875,721100.0,44.4780158996582
2017-09-08,45.900001525878906,44.91999816894531,45.209999084472656,45.439998626708984,631400.0,44.63518524169922
2017-09-11,46.130001068115234,45.47999954223633,45.66999816894531,45.630001068115234,567100.0,44.82182312011719
2017-09-12,46.0099983215332,45.5099983215332,45.66999816894531,46.0,714000.0,45.18526840209961
2017-09-13,46.744998931884766,46.040000915527344,46.040000915527344,46.54999923706055,848300.0,45.725528717041016
2017-09-14,46.54999923706055,46.0099983215332,46.4900016784668,46.06999969482422,636300.0,45.2540283203125
2017-09-15,46.5099983215332,46.119998931884766,46.15999984741211,46.38999938964844,1962700.0,45.568355560302734
2017-09-18,46.45000076293945,45.869998931884766,46.29999923706055,46.279998779296875,583100.0,45.46031188964844
2017-09-19,46.43000030517578,45.9900016784668,46.290000915527344,46.38999938964844,666400.0,45.568355560302734
2017-09-20,46.720001220703125,46.18000030517578,46.369998931884766,46.650001525878906,815700.0,45.82374954223633
2017-09-21,46.744998931884766,45.83000183105469,46.720001220703125,45.86000061035156,284600.0,45.047752380371094
2017-09-22,46.13999938964844,45.33000183105469,45.97999954223633,45.380001068115234,380800.0,44.57625198364258
2017-09-25,45.599998474121094,45.02000045776367,45.36000061035156,45.16999816894531,857600.0,44.36996841430664
2017-09-26,45.81999969482422,45.16999816894531,45.2599983215332,45.529998779296875,598000.0,44.72359085083008
2017-09-27,46.2400016784668,45.630001068115234,45.83000183105469,46.040000915527344,686400.0,45.22455596923828
2017-09-28,46.630001068115234,45.875,45.97999954223633,46.58000183105469,685700.0,45.75498962402344
2017-09-29,47.150001525878906,46.459999084472656,46.459999084472656,46.88999938964844,910200.0,46.059505462646484
2017-10-02,48.16999816894531,46.68199920654297,46.79999923706055,47.540000915527344,1324700.0,46.697998046875
2017-10-03,47.61000061035156,46.959999084472656,47.540000915527344,47.16999816894531,1275800.0,46.33454132080078
2017-10-04,48.849998474121094,46.29999923706055,48.66999816894531,48.40999984741211,2031300.0,47.552581787109375
2017-10-05,49.13999938964844,48.540000915527344,48.84000015258789,48.59000015258789,905800.0,47.72939682006836
2017-10-06,49.130001068115234,48.59000015258789,48.59000015258789,49.130001068115234,760100.0,48.259830474853516
2017-10-09,49.209999084472656,48.709999084472656,49.13999938964844,48.83000183105469,545200.0,47.965145111083984
2017-10-10,49.2400016784668,48.849998474121094,49.09000015258789,49.040000915527344,781700.0,48.171424865722656
2017-10-11,49.75,48.95000076293945,49.04999923706055,49.369998931884766,739300.0,48.49557876586914
2017-10-12,49.72600173950195,49.0,49.36000061035156,49.70000076293945,504700.0,48.81973648071289
2017-10-13,50.040000915527344,49.611000061035156,49.88999938964844,50.0,534800.0,49.11442184448242
2017-10-16,50.81999969482422,50.0,50.0,50.689998626708984,665600.0,49.792198181152344
2017-10-17,50.599998474121094,49.90999984741211,50.54999923706055,50.220001220703125,1048600.0,49.33052062988281
2017-10-18,50.564998626708984,50.220001220703125,50.380001068115234,50.560001373291016,763000.0,49.66450119018555
2017-10-19,50.68000030517578,50.130001068115234,50.470001220703125,50.29999923706055,487800.0,49.40910720825195
2017-10-20,50.77799987792969,50.22999954223633,50.40999984741211,50.630001068115234,501300.0,49.7332649230957
2017-10-23,51.08000183105469,50.52000045776367,50.61000061035156,50.900001525878906,710000.0,49.99848175048828
2017-10-24,51.20000076293945,50.45000076293945,50.65999984741211,50.720001220703125,409700.0,49.82167053222656
2017-10-25,51.15999984741211,50.35100173950195,51.04999923706055,50.619998931884766,596400.0,49.72343826293945
2017-10-26,50.93000030517578,50.56999969482422,50.650001525878906,50.599998474121094,298900.0,49.70379638671875
2017-10-27,50.869998931884766,50.08000183105469,50.61000061035156,50.81999969482422,374500.0,49.919898986816406
2017-10-30,50.970001220703125,50.2599983215332,50.70000076293945,50.380001068115234,475500.0,49.487693786621094
2017-10-31,51.560001373291016,50.4010009765625,50.529998779296875,50.9900016784668,478900.0,50.086891174316406
2017-11-01,51.970001220703125,51.02000045776367,51.02000045776367,51.349998474121094,650400.0,50.44050979614258
2017-11-02,51.86000061035156,50.900001525878906,51.099998474121094,51.79999923706055,996700.0,51.06901550292969
2017-11-03,52.43000030517578,51.459999084472656,51.72999954223633,52.119998931884766,660600.0,51.384498596191406
2017-11-06,52.470001220703125,51.720001220703125,52.400001525878906,52.060001373291016,446600.0,51.32535171508789
2017-11-07,52.349998474121094,51.45000076293945,52.189998626708984,51.65999984741211,435800.0,50.93098831176758
2017-11-08,52.40999984741211,51.66999816894531,51.72999954223633,52.38999938964844,465000.0,51.650691986083984
2017-11-09,52.45000076293945,51.56999969482422,52.20000076293945,51.619998931884766,415200.0,50.89155197143555
2017-11-10,52.2400016784668,50.599998474121094,51.36000061035156,51.959999084472656,733100.0,51.22675704956055
2017-11-13,52.849998474121094,51.79999923706055,51.880001068115234,52.779998779296875,747900.0,52.035186767578125
2017-11-14,54.0099983215332,52.47999954223633,52.709999084472656,53.38999938964844,809600.0,52.63657760620117
2017-11-15,53.290000915527344,52.70000076293945,53.290000915527344,52.7400016784668,1070200.0,51.995750427246094
2017-11-16,54.029998779296875,52.97999954223633,52.97999954223633,53.45000076293945,1499100.0,52.69573211669922
2017-11-17,53.994998931884766,53.15999984741211,53.209999084472656,53.209999084472656,853000.0,52.45911407470703
2017-11-20,53.90999984741211,53.209999084472656,53.209999084472656,53.689998626708984,617700.0,52.93234634399414
2017-11-21,54.20500183105469,53.630001068115234,53.72999954223633,53.7400016784668,726500.0,52.98163986206055
2017-11-22,54.27000045776367,53.470001220703125,53.7400016784668,54.25,541100.0,53.48444366455078
2017-11-24,54.650001525878906,54.18000030517578,54.400001525878906,54.439998626708984,130900.0,53.671756744384766
2017-11-27,54.47999954223633,53.97999954223633,54.43000030517578,54.029998779296875,997500.0,53.26754379272461
2017-11-28,54.45000076293945,53.720001220703125,54.08000183105469,54.029998779296875,2590800.0,53.26754379272461
2017-11-29,54.369998931884766,53.4900016784668,53.97999954223633,53.95000076293945,1096900.0,53.18867492675781
2017-11-30,54.48500061035156,53.75,53.939998626708984,54.369998931884766,2492700.0,53.60274887084961
2017-12-01,54.93000030517578,53.86000061035156,54.5,54.86000061035156,1410000.0,54.08583450317383
2017-12-04,55.15800094604492,54.619998931884766,55.0099983215332,54.95000076293945,795300.0,54.174564361572266
2017-12-05,55.099998474121094,54.439998626708984,55.099998474121094,54.45000076293945,666000.0,53.681617736816406
2017-12-06,54.900001525878906,54.36000061035156,54.45000076293945,54.45000076293945,559600.0,53.681617736816406
2017-12-07,55.15999984741211,54.24800109863281,54.25,54.97999954223633,1004800.0,54.204139709472656
2017-12-08,56.41999816894531,54.95000076293945,55.04999923706055,56.20000076293945,1608000.0,55.406925201416016
2017-12-11,57.20000076293945,56.099998474121094,56.150001525878906,56.880001068115234,1390400.0,56.07733154296875
2017-12-12,57.040000915527344,55.650001525878906,56.97999954223633,55.75,672700.0,54.96327209472656
2017-12-13,56.08000183105469,55.70000076293945,55.900001525878906,55.79999923706055,923600.0,55.01256561279297
2017-12-14,55.95000076293945,55.40999984741211,55.709999084472656,55.45000076293945,493700.0,54.66750717163086
2017-12-15,55.75,55.20000076293945,55.31999969482422,55.5,2592300.0,54.71680450439453
2017-12-18,56.5,55.529998779296875,55.650001525878906,56.119998931884766,1000100.0,55.32805252075195
2017-12-19,56.689998626708984,55.7599983215332,56.33000183105469,55.849998474121094,787900.0,55.06186294555664
2017-12-20,56.08000183105469,55.36000061035156,56.029998779296875,55.97999954223633,1110100.0,55.190025329589844
2017-12-21,56.25,55.29999923706055,56.040000915527344,55.43000030517578,776200.0,54.647789001464844
2017-12-22,55.9900016784668,55.380001068115234,55.68000030517578,55.81999969482422,835800.0,55.03228759765625
2017-12-26,55.86000061035156,55.11000061035156,55.810001373291016,55.18000030517578,492000.0,54.40131759643555
2017-12-27,55.72999954223633,55.20000076293945,55.33000183105469,55.459999084472656,571100.0,54.677364349365234
2017-12-28,56.06999969482422,55.41999816894531,55.630001068115234,55.86000061035156,668100.0,55.071720123291016
2017-12-29,57.5099983215332,55.81999969482422,55.91999816894531,56.45000076293945,1163400.0,55.65339279174805
2018-01-02,56.77000045776367,55.16999816894531,56.4900016784668,55.369998931884766,938900.0,54.58863830566406
2018-01-03,56.439998626708984,55.220001220703125,55.599998474121094,56.060001373291016,1631600.0,55.268898010253906
2018-01-04,57.9900016784668,53.20000076293945,55.54999923706055,57.220001220703125,3492400.0,56.412532806396484
2018-01-05,58.0,56.7400016784668,57.2400016784668,57.70000076293945,2317200.0,56.88576126098633
2018-01-08,58.689998626708984,57.290000915527344,57.81999969482422,58.560001373291016,958600.0,57.733619689941406
2018-01-09,58.70000076293945,57.97999954223633,58.4900016784668,58.040000915527344,891700.0,57.2209587097168
2018-01-10,58.45500183105469,57.56999969482422,58.2599983215332,57.869998931884766,997800.0,57.05335998535156
2018-01-11,58.2400016784668,57.529998779296875,58.02000045776367,58.0,1429700.0,57.181522369384766
2018-01-12,58.439998626708984,57.619998931884766,57.9900016784668,58.279998779296875,1095800.0,57.45756912231445
2018-01-16,59.09000015258789,58.345001220703125,58.400001525878906,58.52000045776367,1013600.0,57.694183349609375
2018-01-17,59.630001068115234,58.5,58.7400016784668,59.34000015258789,680100.0,58.50261306762695
2018-01-18,59.529998779296875,58.62900161743164,59.369998931884766,59.029998779296875,1657000.0,58.19698715209961
2018-01-19,60.279998779296875,59.18000030517578,59.18000030517578,60.040000915527344,976700.0,59.19273376464844
2018-01-22,60.849998474121094,60.040000915527344,60.27000045776367,60.29999923706055,794100.0,59.44906997680664
2018-01-23,60.65999984741211,59.849998474121094,60.15999984741211,60.31999969482422,577400.0,59.46878433227539
2018-01-24,60.75,59.79999923706055,60.400001525878906,59.869998931884766,828300.0,59.02513122558594
2018-01-25,60.459999084472656,58.900001525878906,60.06999969482422,59.2400016784668,704600.0,58.40402603149414
2018-01-26,59.86000061035156,58.79999923706055,59.22999954223633,59.79999923706055,445000.0,58.956119537353516
2018-01-29,60.22999954223633,59.08000183105469,59.4900016784668,59.09000015258789,709100.0,58.25614547729492
2018-01-30,59.095001220703125,58.040000915527344,58.66999816894531,58.25,950300.0,57.42799377441406
2018-01-31,59.13999938964844,58.189998626708984,58.459999084472656,58.599998474121094,861000.0,57.77305603027344
2018-02-01,58.79999923706055,57.0099983215332,58.400001525878906,57.400001525878906,1690200.0,56.77528381347656
2018-02-02,57.650001525878906,56.224998474121094,57.150001525878906,56.790000915527344,1788400.0,56.17192840576172
2018-02-05,57.529998779296875,56.16999816894531,56.7400016784668,56.34000015258789,2142200.0,55.72682189941406
2018-02-06,56.7400016784668,54.34000015258789,55.220001220703125,55.79999923706055,2049700.0,55.19269561767578
2018-02-07,57.22999954223633,55.518001556396484,55.66999816894531,56.93000030517578,1652700.0,56.310401916503906
2018-02-08,57.5,54.689998626708984,57.130001068115234,54.72999954223633,1622100.0,54.13434600830078
2018-02-09,55.564998626708984,52.91999816894531,55.08000183105469,54.459999084472656,1810400.0,53.86728286743164
2018-02-12,55.46500015258789,54.349998474121094,54.779998779296875,55.08000183105469,1267300.0,54.48053741455078
2018-02-13,55.06999969482422,54.220001220703125,54.959999084472656,54.540000915527344,1404800.0,53.94641876220703
2018-02-14,54.83000183105469,53.93000030517578,54.33000183105469,54.2400016784668,1668100.0,53.649681091308594
2018-02-15,55.400001525878906,53.869998931884766,54.459999084472656,55.400001525878906,3528800.0,54.797054290771484
2018-02-16,55.849998474121094,54.849998474121094,55.06999969482422,55.58000183105469,1263800.0,54.97509002685547
2018-02-20,55.56999969482422,54.2400016784668,55.279998779296875,54.290000915527344,1143100.0,53.699134826660156
2018-02-21,54.959999084472656,53.470001220703125,54.41999816894531,53.5099983215332,877100.0,52.92761993408203
2018-02-22,54.27000045776367,53.290000915527344,53.52000045776367,53.75,1400100.0,53.16501235961914
2018-02-23,54.75,53.310001373291016,53.97999954223633,54.709999084472656,707000.0,54.114559173583984
2018-02-26,55.06999969482422,54.349998474121094,54.939998626708984,54.619998931884766,623700.0,54.02553939819336
2018-02-27,54.90999984741211,54.38999938964844,54.619998931884766,54.38999938964844,530100.0,53.79804229736328
2018-02-28,54.821998596191406,54.08000183105469,54.58000183105469,54.09000015258789,941000.0,53.50130844116211
2018-03-01,55.119998931884766,53.9900016784668,54.08000183105469,54.459999084472656,776000.0,53.86728286743164
2018-03-02,55.43000030517578,54.040000915527344,54.22999954223633,55.369998931884766,731200.0,54.76737976074219
2018-03-05,55.93000030517578,55.0099983215332,55.209999084472656,55.880001068115234,1070700.0,55.27183151245117
2018-03-06,56.84000015258789,55.60499954223633,55.849998474121094,56.81999969482422,784800.0,56.20159912109375
2018-03-07,56.63999938964844,55.86000061035156,56.310001373291016,56.310001373291016,872200.0,55.69715118408203
2018-03-08,56.900001525878906,56.16999816894531,56.36000061035156,56.66999816894531,846300.0,56.053226470947266
2018-03-09,57.38999938964844,56.65999984741211,56.9900016784668,57.33000183105469,966600.0,56.706050872802734
2018-03-12,57.66999816894531,56.849998474121094,57.459999084472656,57.2599983215332,798000.0,56.63680648803711
2018-03-13,57.59000015258789,56.36000061035156,57.31999969482422,56.470001220703125,391700.0,55.855403900146484
2018-03-14,56.91999816894531,55.900001525878906,56.75,56.08000183105469,468300.0,55.46965026855469
2018-03-15,56.63999938964844,55.290000915527344,56.220001220703125,55.619998931884766,502200.0,55.0146598815918
2018-03-16,56.25,55.22999954223633,55.720001220703125,55.65999984741211,1027100.0,55.05422592163086
2018-03-19,55.86000061035156,55.189998626708984,55.52000045776367,55.470001220703125,976200.0,54.866294860839844
2018-03-20,55.959999084472656,55.5099983215332,55.66999816894531,55.689998626708984,422400.0,55.083892822265625
2018-03-21,55.69499969482422,54.58000183105469,55.529998779296875,55.36000061035156,769300.0,54.75748825073242
2018-03-22,55.77000045776367,54.56999969482422,55.0,54.58000183105469,636900.0,53.98597717285156
2018-03-23,54.959999084472656,54.040000915527344,54.75,54.04999923706055,806600.0,53.46175003051758
2018-03-26,56.61000061035156,54.48500061035156,54.529998779296875,56.43000030517578,1135000.0,55.81584167480469
2018-03-27,57.540000915527344,55.77000045776367,57.310001373291016,56.0,1010600.0,55.39052200317383
2018-03-28,56.560001373291016,55.790000915527344,55.970001220703125,56.38999938964844,832600.0,55.776275634765625
2018-03-29,58.5,56.7599983215332,56.7599983215332,58.220001220703125,1344500.0,57.58636474609375
2018-04-02,58.900001525878906,57.45000076293945,58.5,58.06999969482422,1876100.0,57.43799591064453
2018-04-03,59.5,57.58000183105469,58.439998626708984,59.130001068115234,1578900.0,58.48645782470703
2018-04-04,59.66999816894531,58.25,58.72999954223633,59.43000030517578,1883600.0,58.7831916809082
2018-04-05,62.834999084472656,60.060001373291016,62.0,61.470001220703125,3817100.0,60.800987243652344
2018-04-06,62.560001373291016,60.939998626708984,61.29999923706055,61.779998779296875,1652400.0,61.10761260986328
2018-04-09,63.06999969482422,61.779998779296875,62.18000030517578,62.290000915527344,1087700.0,61.61206817626953
2018-04-10,63.970001220703125,62.380001068115234,63.0,63.77000045776367,1306900.0,63.075958251953125
2018-04-11,63.869998931884766,63.279998779296875,63.33000183105469,63.7599983215332,1569100.0,63.06606674194336
2018-04-12,64.08999633789062,63.08000183105469,63.84000015258789,63.31999969482422,1163700.0,62.630855560302734
2018-04-13,64.25,63.0099983215332,63.630001068115234,64.12000274658203,1476700.0,63.422149658203125
2018-04-16,64.94999694824219,63.869998931884766,64.25,64.7300033569336,1246900.0,64.0255126953125
2018-04-17,65.55000305175781,64.45999908447266,64.8499984741211,65.5,2760600.0,64.7871322631836
2018-04-18,65.97000122070312,64.95999908447266,65.5,65.51000213623047,1868200.0,64.79701232910156
2018-04-19,65.61000061035156,64.7300033569336,65.47000122070312,65.25,685500.0,64.53985595703125
2018-04-20,65.56999969482422,64.58000183105469,65.25,65.36000061035156,2933100.0,64.64865112304688
2018-04-23,66.0999984741211,65.45999908447266,65.63999938964844,65.66000366210938,537000.0,64.94538879394531
2018-04-24,66.12999725341797,65.04000091552734,66.04000091552734,65.44000244140625,665200.0,64.72779083251953
2018-04-25,65.95999908447266,65.05000305175781,65.33000183105469,65.8499984741211,814300.0,65.13331604003906
2018-04-26,66.75,65.61000061035156,66.04000091552734,66.41000366210938,1045900.0,65.6872329711914
2018-04-27,66.8499984741211,66.33999633789062,66.54000091552734,66.58999633789062,474200.0,65.86526489257812
2018-04-30,66.66000366210938,65.2699966430664,66.56999969482422,65.31999969482422,810100.0,64.60908508300781
2018-05-01,65.1500015258789,64.45999908447266,65.02999877929688,64.97000122070312,945900.0,64.26290130615234
2018-05-02,65.25,64.0,64.91000366210938,64.13999938964844,878600.0,63.44192886352539
2018-05-03,64.30999755859375,63.46500015258789,64.11000061035156,64.04000091552734,721600.0,63.5324592590332
2018-05-04,65.6500015258789,63.86000061035156,63.939998626708984,65.08999633789062,700300.0,64.57412719726562
2018-05-07,66.3499984741211,64.8740005493164,65.37000274658203,66.20999908447266,961600.0,65.68526458740234
2018-05-08,66.73999786376953,65.86000061035156,66.06999969482422,66.66000366210938,557300.0,66.13169860839844
2018-05-09,68.30999755859375,66.66999816894531,66.75,67.7300033569336,1146700.0,67.1932144165039
2018-05-10,68.3499984741211,67.72000122070312,68.27999877929688,68.02999877929688,841400.0,67.49082946777344
2018-05-11,68.69999694824219,67.73999786376953,68.18000030517578,67.93000030517578,730800.0,67.3916244506836
2018-05-14,68.41000366210938,67.4749984741211,68.0999984741211,67.62000274658203,693700.0,67.08409118652344
2018-05-15,67.7300033569336,67.0,67.25,67.30999755859375,831100.0,66.77654266357422
2018-05-16,67.30500030517578,66.7699966430664,67.27999877929688,67.13999938964844,603200.0,66.6078872680664
2018-05-17,67.30000305175781,66.68000030517578,67.16999816894531,67.0,726600.0,66.46900177001953
2018-05-18,67.0999984741211,66.55000305175781,66.66999816894531,66.79000091552734,581500.0,66.26066589355469
2018-05-21,67.37000274658203,66.55999755859375,67.16000366210938,66.73999786376953,676000.0,66.2110595703125
2018-05-22,66.30999755859375,64.16999816894531,66.27999877929688,65.04000091552734,1506600.0,64.52452850341797
2018-05-23,65.33000183105469,64.83000183105469,64.83000183105469,65.16000366210938,545800.0,64.64358520507812
2018-05-24,65.55500030517578,64.95999908447266,65.16000366210938,65.19999694824219,907000.0,64.68326568603516
2018-05-25,66.06999969482422,64.95999908447266,65.12999725341797,65.43000030517578,1288600.0,64.91144561767578
2018-05-29,65.33000183105469,64.16999816894531,64.9800033569336,64.55999755859375,806100.0,64.04833221435547
2018-05-30,65.38999938964844,64.66000366210938,64.80999755859375,65.0,784400.0,64.48485565185547
2018-05-31,65.05999755859375,63.75,65.0,63.75,740500.0,63.24475860595703
2018-06-01,64.43000030517578,63.63999938964844,64.12000274658203,64.11000061035156,799300.0,63.601905822753906
2018-06-04,65.27999877929688,64.16999816894531,64.31999969482422,65.27999877929688,741500.0,64.76262664794922
2018-06-05,65.80999755859375,64.51000213623047,65.2300033569336,65.7300033569336,1382300.0,65.20906829833984
2018-06-06,65.72000122070312,63.349998474121094,65.72000122070312,64.66000366210938,1178700.0,64.14754486083984
2018-06-07,65.56999969482422,64.1500015258789,64.48999786376953,64.86000061035156,1227700.0,64.34595489501953
2018-06-08,66.31300354003906,64.80000305175781,64.98999786376953,65.68000030517578,768200.0,65.15946197509766
2018-06-11,65.93000030517578,65.36000061035156,65.66999816894531,65.36000061035156,554400.0,64.84199523925781
2018-06-12,65.95999908447266,65.29000091552734,65.55000305175781,65.69000244140625,593100.0,65.16938781738281
2018-06-13,66.08999633789062,65.33000183105469,65.80000305175781,65.33999633789062,1218500.0,64.82215118408203
2018-06-14,66.0199966430664,65.16999816894531,65.52999877929688,65.8499984741211,513700.0,65.32811737060547
2018-06-15,65.9000015258789,64.72000122070312,65.80999755859375,64.93000030517578,1262100.0,64.4154052734375
2018-06-18,65.06999969482422,64.47000122070312,64.5,64.93000030517578,644400.0,64.4154052734375
2018-06-19,66.6500015258789,64.5199966430664,64.87000274658203,66.37999725341797,1463000.0,65.85391998291016
2018-06-20,67.5999984741211,66.13999938964844,66.62999725341797,67.4800033569336,2094000.0,66.94519805908203
2018-06-21,67.91000366210938,67.19000244140625,67.61000061035156,67.29000091552734,2038400.0,66.75669860839844
2018-06-22,68.1500015258789,67.05999755859375,67.55000305175781,67.87999725341797,1102700.0,67.3420181274414
2018-06-25,68.37000274658203,67.56999969482422,68.05999755859375,68.1500015258789,805400.0,67.6098861694336
2018-06-26,69.55000305175781,68.1500015258789,68.41999816894531,68.62999725341797,1033900.0,68.08607482910156
2018-06-27,69.06999969482422,67.81999969482422,68.75,68.16000366210938,588600.0,67.61981201171875
2018-06-28,68.9800033569336,68.0999984741211,68.20999908447266,68.72000122070312,606700.0,68.17536926269531
2018-06-29,69.33999633789062,68.41999816894531,68.9800033569336,68.51000213623047,857500.0,67.96702575683594
2018-07-02,68.19999694824219,67.62000274658203,68.12000274658203,67.98999786376953,763100.0,67.45115661621094
2018-07-03,68.62999725341797,67.94000244140625,68.12999725341797,68.37000274658203,514500.0,67.8281478881836
2018-07-05,69.93000030517578,68.2699966430664,68.5199966430664,69.87999725341797,1000200.0,69.326171875
2018-07-06,70.5,69.69999694824219,69.69999694824219,70.19000244140625,375100.0,69.63371276855469
2018-07-09,71.04000091552734,70.02999877929688,70.20999908447266,70.37999725341797,832500.0,69.82221221923828
2018-07-10,71.01000213623047,70.02999877929688,70.77999877929688,70.27999877929688,1437100.0,69.72300720214844
2018-07-11,70.6500015258789,69.79000091552734,70.20999908447266,70.19999694824219,447000.0,69.64363861083984
2018-07-12,70.56999969482422,70.08999633789062,70.3499984741211,70.54000091552734,887500.0,69.98094177246094
2018-07-13,71.29000091552734,70.51000213623047,70.56999969482422,70.8499984741211,674500.0,70.28849029541016
2018-07-16,70.86000061035156,70.0250015258789,70.69000244140625,70.19999694824219,539700.0,69.64363861083984
2018-07-17,70.91999816894531,70.11000061035156,70.19999694824219,70.7300033569336,498300.0,70.16944122314453
2018-07-18,70.93000030517578,70.29000091552734,70.69000244140625,70.58999633789062,549500.0,70.0305404663086
2018-07-19,70.80000305175781,69.84100341796875,70.4800033569336,70.37999725341797,944800.0,69.82221221923828
2018-07-20,70.86000061035156,70.06999969482422,70.4800033569336,70.41999816894531,825900.0,69.86190032958984
2018-07-23,70.66999816894531,68.80500030517578,70.5199966430664,69.0199966430664,1380400.0,68.47299194335938
2018-07-24,69.55000305175781,68.08999633789062,68.87000274658203,68.33999633789062,2183000.0,67.79837799072266
2018-07-25,71.31500244140625,68.0999984741211,68.62999725341797,70.41000366210938,1789700.0,69.85197448730469
2018-07-26,71.0199966430664,68.25,70.91999816894531,70.05000305175781,1632400.0,69.49483489990234
2018-07-27,70.48999786376953,69.75,70.13999938964844,69.80000305175781,834500.0,69.24681854248047
2018-07-30,70.30000305175781,69.41000366210938,69.5199966430664,70.23999786376953,659300.0,69.68331146240234
2018-07-31,70.5199966430664,70.05999755859375,70.3499984741211,70.2699966430664,656000.0,69.71308898925781
2018-08-01,70.37000274658203,69.52999877929688,70.29000091552734,69.69999694824219,428900.0,69.1476058959961
2018-08-02,70.75,69.04000091552734,69.22000122070312,70.52999877929688,460300.0,70.16354370117188
2018-08-03,72.18000030517578,70.66999816894531,70.66999816894531,72.16000366210938,633400.0,71.78507995605469
2018-08-06,73.19000244140625,71.83000183105469,72.33999633789062,72.58000183105469,924900.0,72.20289611816406
2018-08-07,72.62999725341797,71.66999816894531,72.62000274658203,71.7699966430664,601200.0,71.3970947265625
2018-08-08,71.93000030517578,71.0999984741211,71.80999755859375,71.41000366210938,301300.0,71.03897857666016
2018-08-09,71.73999786376953,70.80999755859375,71.38999938964844,71.62999725341797,681500.0,71.25782775878906
2018-08-10,72.36499786376953,70.94999694824219,71.5,71.08999633789062,399200.0,70.72063446044922
2018-08-13,71.51000213623047,70.45999908447266,71.05000305175781,70.91999816894531,758800.0,70.551513671875
2018-08-14,72.04000091552734,70.95999908447266,71.12000274658203,71.69999694824219,604900.0,71.32746124267578
2018-08-15,71.70999908447266,68.94000244140625,71.45999908447266,69.26000213623047,977000.0,68.900146484375
2018-08-16,69.75,66.44999694824219,69.29000091552734,66.58999633789062,1606200.0,66.24401092529297
2018-08-17,66.12999725341797,63.02000045776367,66.12999725341797,65.58999633789062,1891500.0,65.24920654296875
2018-08-20,66.0,65.18000030517578,65.77999877929688,65.62999725341797,1355900.0,65.28900146484375
2018-08-21,66.11000061035156,65.0,65.62999725341797,65.23999786376953,1734800.0,64.90103149414062
2018-08-22,66.25,65.01000213623047,65.31999969482422,66.18000030517578,1132700.0,65.83614349365234
2018-08-23,67.37999725341797,65.80000305175781,65.86000061035156,67.08000183105469,745600.0,66.7314682006836
2018-08-24,67.37999725341797,66.72000122070312,66.91000366210938,67.02999877929688,1001600.0,66.68172454833984
2018-08-27,68.45999908447266,67.3499984741211,67.44999694824219,68.12000274658203,878500.0,67.76606750488281
2018-08-28,68.6500015258789,67.66999816894531,67.91000366210938,67.9000015258789,602000.0,67.54721069335938
2018-08-29,68.37000274658203,67.62999725341797,68.20999908447266,67.7300033569336,373500.0,67.37809753417969
2018-08-30,67.93000030517578,66.91000366210938,67.54000091552734,67.12000274658203,457400.0,66.77127075195312
2018-08-31,67.72000122070312,66.83000183105469,67.19999694824219,67.5999984741211,462000.0,67.24876403808594
2018-09-04,67.88999938964844,67.05000305175781,67.6500015258789,67.16999816894531,570000.0,66.82100677490234
2018-09-05,67.51000213623047,66.54000091552734,66.83000183105469,67.30000305175781,549500.0,66.95033264160156
2018-09-06,67.54000091552734,66.80999755859375,67.02999877929688,67.22000122070312,783300.0,66.8707504272461
2018-09-07,67.24500274658203,66.71499633789062,67.0199966430664,66.83000183105469,377600.0,66.4827651977539
2018-09-10,67.20800018310547,66.8499984741211,67.04000091552734,67.02999877929688,410100.0,66.68172454833984
2018-09-11,67.38999938964844,66.48799896240234,66.72000122070312,67.12999725341797,390600.0,66.78120422363281
2018-09-12,67.47000122070312,66.45999908447266,67.22000122070312,67.13999938964844,464100.0,66.79115295410156
2018-09-13,67.79000091552734,66.61000061035156,67.12000274658203,67.3499984741211,508000.0,67.00006866455078
2018-09-14,68.19000244140625,67.22000122070312,67.3499984741211,68.01000213623047,533600.0,67.6566390991211
2018-09-17,68.05999755859375,66.68000030517578,68.05999755859375,66.69000244140625,602900.0,66.34349822998047
2018-09-18,67.83300018310547,65.58999633789062,66.5,66.83999633789062,1182800.0,66.49271392822266
2018-09-19,67.20999908447266,65.20999908447266,66.97000122070312,65.26000213623047,1646600.0,64.92092895507812
2018-09-20,66.2699966430664,64.68000030517578,65.2699966430664,66.12999725341797,805000.0,65.7863998413086
2018-09-21,67.48999786376953,66.7300033569336,66.91999816894531,67.0,1450600.0,66.65188598632812
2018-09-24,67.20999908447266,65.87000274658203,66.80999755859375,66.43000030517578,1674600.0,66.08484649658203
2018-09-25,67.13999938964844,66.23999786376953,66.45999908447266,67.0999984741211,700400.0,66.7513656616211
2018-09-26,67.25,66.47000122070312,67.08000183105469,66.69999694824219,1040900.0,66.35343933105469
2018-09-27,66.41000366210938,65.23999786376953,66.29000091552734,65.58999633789062,1582800.0,65.24920654296875
2018-09-28,66.66999816894531,65.05000305175781,65.37999725341797,66.5999984741211,1398000.0,66.25395965576172
2018-10-01,67.0,65.80000305175781,66.95999908447266,65.94000244140625,1468500.0,65.59739685058594
2018-10-02,72.47000122070312,68.25,69.66000366210938,72.0,3305800.0,71.62590789794922
2018-10-03,73.9000015258789,72.19000244140625,72.94000244140625,72.23999786376953,1437900.0,71.86465454101562
2018-10-04,73.44000244140625,71.80999755859375,72.08000183105469,73.25,1373800.0,72.86941528320312
2018-10-05,74.83000183105469,73.27999877929688,73.44000244140625,74.69999694824219,1516300.0,74.31187438964844
2018-10-08,75.08999633789062,73.3499984741211,74.36000061035156,73.98999786376953,1962400.0,73.60556030273438
2018-10-09,75.80999755859375,73.83000183105469,74.0999984741211,74.62000274658203,1729400.0,74.2322998046875
2018-10-10,74.83999633789062,73.0,74.63999938964844,73.22000122070312,4301600.0,72.83956909179688
2018-10-11,73.08999633789062,71.875,72.98999786376953,72.12999725341797,1545100.0,71.7552261352539
2018-10-12,73.19000244140625,72.08999633789062,72.66000366210938,72.95999908447266,1023100.0,72.58091735839844
2018-10-15,73.66000366210938,72.5,73.05999755859375,73.18000030517578,601300.0,72.79977416992188
2018-10-16,75.33999633789062,73.33000183105469,73.52999877929688,75.2699966430664,972800.0,74.87891387939453
2018-10-17,76.25499725341797,74.5,75.12000274658203,76.11000061035156,893200.0,75.71455383300781
2018-10-18,76.77999877929688,75.0199966430664,76.11000061035156,75.6500015258789,694000.0,75.25694274902344
2018-10-19,76.83999633789062,75.98999786376953,76.3499984741211,76.56999969482422,757300.0,76.17215728759766
2018-10-22,77.69999694824219,76.43000030517578,76.95999908447266,77.1500015258789,720800.0,76.74915313720703
2018-10-23,78.3499984741211,75.81999969482422,76.58000183105469,78.16000366210938,869000.0,77.75390625
2018-10-24,79.97000122070312,78.08000183105469,78.25,79.05000305175781,1673300.0,78.6392822265625
2018-10-25,78.75,77.3499984741211,78.12999725341797,78.05000305175781,1289400.0,77.64447784423828
2018-10-26,77.87000274658203,76.69999694824219,77.51000213623047,77.01000213623047,972800.0,76.6098861694336
2018-10-29,78.95999908447266,76.70999908447266,77.69999694824219,77.19999694824219,1351000.0,76.79888916015625
2018-10-30,78.68199920654297,76.02999877929688,77.33000183105469,76.79000091552734,1541800.0,76.39102172851562
2018-10-31,79.05999755859375,76.2300033569336,76.81999969482422,78.16000366210938,1343400.0,77.75390625
2018-11-01,78.20999908447266,76.5199966430664,78.16000366210938,77.2300033569336,934900.0,77.0171890258789
2018-11-02,78.2300033569336,76.30000305175781,77.44999694824219,76.9800033569336,1008800.0,76.76787567138672
2018-11-05,78.70500183105469,77.01000213623047,77.02999877929688,78.62999725341797,1032700.0,78.41332244873047
2018-11-06,80.43000030517578,78.62999725341797,78.63999938964844,80.26000213623047,1220100.0,80.0388412475586
2018-11-07,81.62999725341797,80.4000015258789,80.4000015258789,80.80999755859375,832900.0,80.58731842041016
2018-11-08,81.8499984741211,80.33000183105469,80.5999984741211,81.68000030517578,1323800.0,81.45492553710938
2018-11-09,82.03500366210938,81.13999938964844,81.5,82.0199966430664,901200.0,81.79398345947266
2018-11-12,82.80999755859375,81.31999969482422,82.0,82.13999938964844,1195000.0,81.91365814208984
2018-11-13,83.45999908447266,81.73999786376953,82.16999816894531,83.3499984741211,1127300.0,83.12032318115234
2018-11-14,83.86000061035156,82.69999694824219,83.33999633789062,82.98999786376953,1483800.0,82.76131439208984
2018-11-15,82.7699966430664,80.55000305175781,81.9000015258789,82.20999908447266,1196800.0,81.98345947265625
2018-11-16,83.63999938964844,82.05999755859375,82.19999694824219,82.6500015258789,1079300.0,82.42224884033203
2018-11-19,83.08000183105469,80.62999725341797,82.37999725341797,80.80999755859375,1469300.0,80.58731842041016
2018-11-20,80.7699966430664,79.81999969482422,80.5,80.5999984741211,1087000.0,80.37789916992188
2018-11-21,82.02999877929688,80.6500015258789,80.66000366210938,81.79000091552734,676300.0,81.56462097167969
2018-11-23,82.05999755859375,80.66000366210938,81.38999938964844,81.1500015258789,480000.0,80.92638397216797
2018-11-26,81.83999633789062,79.9800033569336,81.73999786376953,80.37000274658203,1703500.0,80.1485366821289
2018-11-27,79.58999633789062,77.19000244140625,78.36000061035156,77.55000305175781,3391800.0,77.33631134033203
2018-11-28,78.2300033569336,76.13999938964844,77.5,77.0999984741211,2684600.0,76.88754272460938
2018-11-29,78.7699966430664,76.66000366210938,77.30000305175781,76.73999786376953,2621800.0,76.52853393554688
2018-11-30,77.6500015258789,75.83000183105469,76.9000015258789,76.69999694824219,39405400.0,76.4886474609375
2018-12-03,77.4000015258789,74.63999938964844,77.33000183105469,75.58000183105469,3214500.0,75.37173461914062
2018-12-04,76.87000274658203,75.30000305175781,75.86000061035156,75.48999786376953,3021000.0,75.281982421875
2018-12-06,76.30000305175781,72.9800033569336,75.5,74.12999725341797,2525500.0,73.92572784423828
2018-12-07,74.5199966430664,73.19000244140625,74.30000305175781,73.44999694824219,1580800.0,73.24759674072266
2018-12-10,73.63999938964844,72.29000091552734,73.63999938964844,73.37000274658203,2327900.0,73.1678237915039
2018-12-11,75.79000091552734,73.66999816894531,73.9000015258789,75.16999816894531,1820500.0,74.96286010742188
2018-12-12,77.2030029296875,75.5999984741211,75.61000061035156,76.38999938964844,1750700.0,76.17949676513672
2018-12-13,77.87000274658203,76.19000244140625,76.3499984741211,77.69000244140625,1376300.0,77.47592163085938
2018-12-14,77.72000122070312,75.5,77.47000122070312,75.83000183105469,1780300.0,75.62104797363281
2018-12-17,76.69999694824219,75.20500183105469,75.69999694824219,75.44000244140625,2019200.0,75.23212432861328
2018-12-18,76.49500274658203,75.02999877929688,75.95999908447266,75.62999725341797,1660400.0,75.42159271240234
2018-12-19,77.36000061035156,74.72000122070312,75.98999786376953,74.98999786376953,1771900.0,74.78335571289062
2018-12-20,75.4000015258789,72.70999908447266,74.75,73.4000015258789,1965600.0,73.19773864746094
2018-12-21,75.20999908447266,73.29000091552734,73.75,73.5999984741211,2323600.0,73.39718627929688
2018-12-24,74.43000030517578,70.91000366210938,73.58000183105469,71.52999877929688,548400.0,71.33289337158203
2018-12-26,73.6500015258789,71.66000366210938,71.9000015258789,73.37000274658203,2635100.0,73.1678237915039
2018-12-27,73.73999786376953,71.56999969482422,72.79000091552734,73.7300033569336,1473700.0,73.5268325805664
2018-12-28,74.48999786376953,72.93000030517578,74.06999969482422,73.61000061035156,823000.0,73.40716552734375
2018-12-31,73.75,72.69999694824219,73.61000061035156,73.55999755859375,849600.0,73.3572998046875
2019-01-02,74.08999633789062,72.16999816894531,73.2300033569336,73.66000366210938,2203800.0,73.45703125
2019-01-03,73.87999725341797,72.7699966430664,73.13999938964844,72.9800033569336,2178800.0,72.77890014648438
2019-01-04,76.87999725341797,74.66000366210938,75.0999984741211,75.58000183105469,2716400.0,75.37173461914062
2019-01-07,75.58999633789062,69.8499984741211,75.58999633789062,70.55000305175781,3497900.0,70.35559844970703
2019-01-08,71.61000061035156,69.80999755859375,70.61000061035156,70.91000366210938,2914300.0,70.71460723876953
2019-01-09,71.20999908447266,69.66999816894531,71.16000366210938,69.72000122070312,1763500.0,69.52788543701172
2019-01-10,69.88999938964844,68.9000015258789,69.72000122070312,69.86000061035156,1403300.0,69.66749572753906
2019-01-11,69.86000061035156,69.0,69.86000061035156,69.47000122070312,968000.0,69.27857208251953
2019-01-14,69.45999908447266,65.87000274658203,69.45999908447266,67.63999938964844,1960700.0,67.45361328125
2019-01-15,69.13999938964844,67.43000030517578,67.6500015258789,68.9000015258789,1738800.0,68.71014404296875
2019-01-16,71.11000061035156,69.20999908447266,69.22000122070312,70.18000030517578,1986100.0,69.98661041259766
2019-01-17,71.25,69.91999816894531,70.0,70.9000015258789,1487100.0,70.70462799072266
2019-01-18,71.76000213623047,70.68000030517578,71.12999725341797,70.87999725341797,1927600.0,70.68468475341797
2019-01-22,71.47000122070312,70.33000183105469,70.88999938964844,70.75,1429000.0,70.55504608154297
2019-01-23,73.5999984741211,71.58000183105469,71.94000244140625,72.7300033569336,1791300.0,72.52958679199219
2019-01-24,72.5,70.83999633789062,71.98999786376953,71.36000061035156,1286100.0,71.16336059570312
2019-01-25,72.0,70.5,71.7699966430664,71.0999984741211,1437900.0,70.9040756225586
2019-01-28,71.5199966430664,70.12999725341797,70.62999725341797,71.4000015258789,2788400.0,71.20325469970703
2019-01-29,72.76000213623047,71.33000183105469,71.33000183105469,72.44000244140625,1236200.0,72.24038696289062
2019-01-30,73.0,72.26000213623047,72.70999908447266,72.58000183105469,846500.0,72.3800048828125
2019-01-31,72.44999694824219,71.06999969482422,72.13999938964844,72.30000305175781,1343600.0,72.30000305175781
2019-02-01,72.55000305175781,71.6050033569336,72.4800033569336,72.4000015258789,1837400.0,72.4000015258789
2019-02-04,72.33000183105469,70.83999633789062,72.16000366210938,71.30000305175781,1440300.0,71.30000305175781
2019-02-05,72.01000213623047,71.18000030517578,71.38999938964844,71.63999938964844,945500.0,71.63999938964844
2019-02-06,71.62999725341797,70.73999786376953,71.4800033569336,71.30999755859375,782900.0,71.30999755859375
2019-02-07,71.37000274658203,70.2300033569336,70.94999694824219,70.61000061035156,1310700.0,70.61000061035156
2019-02-08,70.62000274658203,70.01000213623047,70.29000091552734,70.62000274658203,1095300.0,70.62000274658203
2019-02-11,71.0,69.80999755859375,70.86000061035156,70.38999938964844,1202700.0,70.38999938964844
2019-02-12,70.7699966430664,69.0,70.33999633789062,69.0199966430664,1521300.0,69.0199966430664
2019-02-13,69.48999786376953,68.37000274658203,69.22000122070312,68.55999755859375,2659200.0,68.55999755859375
2019-02-14,69.5199966430664,67.91999816894531,68.33000183105469,68.97000122070312,2305400.0,68.97000122070312
2019-02-15,69.88999938964844,69.0,69.5199966430664,69.51000213623047,1393100.0,69.51000213623047
2019-02-19,70.44000244140625,69.4000015258789,69.45999908447266,70.30000305175781,1552100.0,70.30000305175781
2019-02-20,70.41999816894531,69.87000274658203,70.16999816894531,70.05999755859375,1480300.0,70.05999755859375
2019-02-21,70.98999786376953,69.9000015258789,70.0,70.9800033569336,990100.0,70.9800033569336
2019-02-22,70.86000061035156,69.6500015258789,70.05000305175781,70.5,962100.0,70.5
2019-02-25,70.95999908447266,69.2699966430664,70.80000305175781,69.48999786376953,1164700.0,69.48999786376953
2019-02-26,70.05000305175781,68.93000030517578,69.7699966430664,69.0,1826300.0,69.0
2019-02-27,69.11499786376953,67.83999633789062,68.83999633789062,69.0999984741211,1306900.0,69.0999984741211
2019-02-28,69.66000366210938,68.63999938964844,69.19999694824219,69.30999755859375,1265700.0,69.30999755859375
2019-03-01,70.97000122070312,69.12000274658203,69.69000244140625,70.94999694824219,1156800.0,70.94999694824219
2019-03-04,70.94000244140625,70.01000213623047,70.93000030517578,70.79000091552734,2055500.0,70.79000091552734
2019-03-05,71.16000366210938,70.43299865722656,70.7300033569336,71.16000366210938,1255300.0,71.16000366210938
2019-03-06,71.75,70.41000366210938,71.25,70.54000091552734,1349400.0,70.54000091552734
2019-03-07,71.20500183105469,70.18000030517578,70.55000305175781,70.51000213623047,1737100.0,70.51000213623047
2019-03-08,70.45999908447266,69.79499816894531,70.45999908447266,70.01000213623047,1011200.0,70.01000213623047
2019-03-11,70.45999908447266,69.5999984741211,69.95999908447266,70.20999908447266,1504200.0,70.20999908447266
2019-03-12,70.4749984741211,69.5999984741211,70.43000030517578,69.69999694824219,1347900.0,69.69999694824219
2019-03-13,70.01000213623047,69.4000015258789,69.70999908447266,69.83999633789062,1163900.0,69.83999633789062
2019-03-14,69.9800033569336,68.12999725341797,69.9800033569336,68.19000244140625,1990000.0,68.19000244140625
2019-03-15,69.56999969482422,67.95999908447266,68.04000091552734,69.51000213623047,3240500.0,69.51000213623047
2019-03-18,70.37000274658203,69.23999786376953,69.37999725341797,69.9000015258789,1581000.0,69.9000015258789
2019-03-19,70.33000183105469,69.36000061035156,70.13999938964844,69.70999908447266,860800.0,69.70999908447266
2019-03-20,70.15499877929688,68.87999725341797,69.86000061035156,69.37000274658203,1150000.0,69.37000274658203
2019-03-21,71.0,69.19999694824219,69.55000305175781,71.0,1108400.0,71.0
2019-03-22,72.02999877929688,70.83000183105469,71.2699966430664,71.66000366210938,1241200.0,71.66000366210938
2019-03-25,73.27999877929688,71.5,71.56999969482422,72.83000183105469,1798100.0,72.83000183105469
2019-03-26,73.18000030517578,72.2300033569336,72.86000061035156,73.0,1276300.0,73.0
2019-03-27,73.37000274658203,72.11000061035156,73.11000061035156,72.2699966430664,1378900.0,72.2699966430664
2019-03-28,74.34500122070312,72.19000244140625,72.48999786376953,73.91999816894531,2104800.0,73.91999816894531
