Date,High,Low,Open,Close,Volume,Adj Close
2015-07-06,39.75,36.0,38.0,36.709999084472656,5866600,36.709999084472656
2015-07-07,37.810001373291016,36.0,37.720001220703125,36.619998931884766,7359000,36.619998931884766
2015-07-08,36.36000061035156,34.529998779296875,36.34000015258789,34.70000076293945,5387700,34.70000076293945
2015-07-09,35.52000045776367,33.9900016784668,35.099998474121094,34.5,3760100,34.5
2015-07-10,35.189998626708984,33.97999954223633,34.65999984741211,34.689998626708984,4472800,34.689998626708984
2015-07-13,37.5,35.5,35.59000015258789,36.779998779296875,7626000,36.779998779296875
2015-07-14,37.7400016784668,36.599998474121094,36.9900016784668,36.93000030517578,4653300,36.93000030517578
2015-07-15,38.20000076293945,37.029998779296875,37.97999954223633,37.5099983215332,13072800,37.5099983215332
2015-07-16,39.970001220703125,38.08000183105469,38.81999969482422,38.630001068115234,21348500,38.630001068115234
2015-07-17,40.20000076293945,38.18000030517578,39.41999816894531,38.38999938964844,45720200,38.38999938964844
2015-07-20,42.54999923706055,39.79999923706055,41.459999084472656,40.470001220703125,52286500,40.470001220703125
2015-07-21,41.11000061035156,39.119998931884766,41.08000183105469,39.349998474121094,32954600,39.349998474121094
2015-07-22,39.720001220703125,38.099998474121094,39.349998474121094,38.38999938964844,25363900,38.38999938964844
2015-07-23,38.75,36.93000030517578,38.7400016784668,37.0099983215332,19250200,37.0099983215332
2015-07-24,38.0,36.90999984741211,37.709999084472656,37.0,14274300,37.0
2015-07-27,37.380001068115234,36.220001220703125,36.779998779296875,36.38999938964844,16179900,36.38999938964844
2015-07-28,38.0,36.83000183105469,37.189998626708984,37.599998474121094,18986000,37.599998474121094
2015-07-29,38.099998474121094,37.619998931884766,38.029998779296875,37.95000076293945,11788400,37.95000076293945
2015-07-30,39.0099983215332,37.71500015258789,38.040000915527344,38.45000076293945,13845100,38.45000076293945
2015-07-31,39.20000076293945,38.220001220703125,39.13999938964844,38.70000076293945,12480600,38.70000076293945
2015-08-03,39.880001068115234,38.900001525878906,39.25,39.38999938964844,15126600,39.38999938964844
2015-08-04,39.90999984741211,38.43000030517578,39.90999984741211,38.95000076293945,10992200,38.95000076293945
2015-08-05,39.880001068115234,39.16999816894531,39.70000076293945,39.27000045776367,9463100,39.27000045776367
2015-08-06,39.7400016784668,38.54999923706055,39.630001068115234,38.849998474121094,7324100,38.849998474121094
2015-08-07,39.22999954223633,38.599998474121094,39.040000915527344,39.130001068115234,8331300,39.130001068115234
2015-08-10,39.689998626708984,38.77000045776367,39.43000030517578,39.04999923706055,7998900,39.04999923706055
2015-08-11,39.279998779296875,38.720001220703125,38.93000030517578,38.849998474121094,8184000,38.849998474121094
2015-08-12,38.58000183105469,37.0099983215332,38.54999923706055,38.189998626708984,21350600,38.189998626708984
2015-08-13,38.4900016784668,37.439998626708984,38.400001525878906,37.619998931884766,7863500,37.619998931884766
2015-08-14,38.18000030517578,37.380001068115234,37.4900016784668,38.13999938964844,6271100,38.13999938964844
2015-08-17,38.75,37.70000076293945,38.29999923706055,38.72999954223633,4931700,38.72999954223633
2015-08-18,39.0,37.869998931884766,39.0,37.9900016784668,4678800,37.9900016784668
2015-08-19,38.099998474121094,37.029998779296875,37.869998931884766,37.189998626708984,6867600,37.189998626708984
2015-08-20,37.34000015258789,35.880001068115234,36.849998474121094,35.97999954223633,10645700,35.97999954223633
2015-08-21,36.11000061035156,33.83000183105469,35.56999969482422,34.25,16824100,34.25
2015-08-24,34.849998474121094,30.0,31.170000076293945,33.75,19676600,33.75
2015-08-25,35.459999084472656,32.70000076293945,35.439998626708984,32.70000076293945,15557100,32.70000076293945
2015-08-26,33.84000015258789,31.709999084472656,33.70000076293945,33.16999816894531,25350400,33.16999816894531
2015-08-27,34.77000045776367,33.15999984741211,33.869998931884766,34.619998931884766,18909600,34.619998931884766
2015-08-28,35.2599983215332,34.369998931884766,34.5099983215332,35.040000915527344,8344800,35.040000915527344
2015-08-31,35.5099983215332,34.77000045776367,35.5,35.0,12123800,35.0
2015-09-01,34.68000030517578,33.40999984741211,34.150001525878906,33.77000045776367,13376000,33.77000045776367
2015-09-02,35.08000183105469,33.834999084472656,34.599998474121094,35.06999969482422,7521000,35.06999969482422
2015-09-03,35.459999084472656,34.77000045776367,35.0099983215332,35.310001373291016,6683800,35.310001373291016
2015-09-04,34.720001220703125,33.779998779296875,34.709999084472656,34.290000915527344,7483100,34.290000915527344
2015-09-08,34.88999938964844,34.25,34.810001373291016,34.70000076293945,7674500,34.70000076293945
2015-09-09,34.95000076293945,33.880001068115234,34.91999816894531,34.369998931884766,10946900,34.369998931884766
2015-09-10,34.290000915527344,32.95000076293945,34.22999954223633,33.459999084472656,12134500,33.459999084472656
2015-09-11,33.59000015258789,32.61000061035156,33.27000045776367,33.54999923706055,9184200,33.54999923706055
2015-09-14,33.95000076293945,33.20000076293945,33.70000076293945,33.77000045776367,7897700,33.77000045776367
2015-09-15,33.95000076293945,32.66999816894531,33.720001220703125,33.79999923706055,11874900,33.79999923706055
2015-09-16,34.060001373291016,33.36000061035156,33.459999084472656,33.77000045776367,7183900,33.77000045776367
2015-09-17,33.9900016784668,33.08000183105469,33.720001220703125,33.31999969482422,7846800,33.31999969482422
2015-09-18,33.779998779296875,32.54999923706055,32.900001525878906,32.91999816894531,16488100,32.91999816894531
2015-09-21,34.619998931884766,33.43000030517578,33.65999984741211,34.25,12736500,34.25
2015-09-22,34.099998474121094,33.189998626708984,33.939998626708984,33.349998474121094,8538000,33.349998474121094
2015-09-23,34.34000015258789,33.2599983215332,33.4900016784668,34.15999984741211,5405500,34.15999984741211
2015-09-24,34.06999969482422,33.380001068115234,34.0,33.90999984741211,6544500,33.90999984741211
2015-09-25,34.689998626708984,33.5,34.599998474121094,33.77000045776367,6566800,33.77000045776367
2015-09-28,33.68000030517578,32.154998779296875,33.68000030517578,32.25,7407300,32.25
2015-09-29,32.66999816894531,30.299999237060547,32.27000045776367,30.6299991607666,12008100,30.6299991607666
2015-09-30,31.280000686645508,30.639999389648438,31.200000762939453,31.040000915527344,13672000,31.040000915527344
2015-10-01,31.586999893188477,30.75,30.81999969482422,31.479999542236328,9657000,31.479999542236328
2015-10-02,32.86000061035156,30.75,30.81999969482422,32.83000183105469,7609800,32.83000183105469
2015-10-05,33.02000045776367,32.380001068115234,32.95000076293945,32.66999816894531,6119100,32.66999816894531
2015-10-06,32.90999984741211,31.780000686645508,32.90999984741211,31.860000610351562,7409800,31.860000610351562
2015-10-07,32.47100067138672,31.520000457763672,32.310001373291016,32.380001068115234,6969600,32.380001068115234
2015-10-08,32.45000076293945,31.09000015258789,32.439998626708984,31.670000076293945,9281500,31.670000076293945
2015-10-09,32.45000076293945,31.40999984741211,31.690000534057617,32.060001373291016,5911400,32.060001373291016
2015-10-12,32.66999816894531,32.099998474121094,32.189998626708984,32.630001068115234,3915500,32.630001068115234
2015-10-13,33.47999954223633,32.34000015258789,32.599998474121094,33.220001220703125,8787700,33.220001220703125
2015-10-14,34.459999084472656,33.400001525878906,33.400001525878906,34.04999923706055,8198300,34.04999923706055
2015-10-15,34.720001220703125,34.15999984741211,34.45000076293945,34.619998931884766,9103200,34.619998931884766
2015-10-16,35.04999923706055,33.95000076293945,34.75,34.290000915527344,5390700,34.290000915527344
2015-10-19,34.904998779296875,33.790000915527344,34.43000030517578,34.84000015258789,5855700,34.84000015258789
2015-10-20,34.9900016784668,34.59000015258789,34.79999923706055,34.869998931884766,6061500,34.869998931884766
2015-10-21,34.79999923706055,32.880001068115234,34.75,33.83000183105469,9054500,33.83000183105469
2015-10-22,35.25,34.2599983215332,34.43000030517578,34.790000915527344,8735500,34.790000915527344
2015-10-23,35.75,34.79999923706055,35.72999954223633,34.9900016784668,8909100,34.9900016784668
2015-10-26,36.59000015258789,35.51499938964844,36.04999923706055,36.439998626708984,11554600,36.439998626708984
2015-10-27,36.39400100708008,35.310001373291016,36.38999938964844,35.939998626708984,8502400,35.939998626708984
2015-10-28,36.650001525878906,35.810001373291016,36.209999084472656,36.52000045776367,11634300,36.52000045776367
2015-10-29,36.5,34.5,34.72999954223633,35.90999984741211,25137300,35.90999984741211
2015-10-30,36.4900016784668,35.2400016784668,35.63999938964844,36.0099983215332,13409200,36.0099983215332
2015-11-02,37.40999984741211,35.45000076293945,35.58000183105469,36.9900016784668,11254900,36.9900016784668
2015-11-03,38.439998626708984,37.0,37.04999923706055,37.900001525878906,12025200,37.900001525878906
2015-11-04,38.52000045776367,37.33000183105469,38.45000076293945,37.599998474121094,12226800,37.599998474121094
2015-11-05,37.97999954223633,36.65999984741211,37.81999969482422,36.709999084472656,9068900,36.709999084472656
2015-11-06,36.70000076293945,35.79999923706055,36.59000015258789,36.2400016784668,10256800,36.2400016784668
2015-11-09,36.7400016784668,35.650001525878906,36.099998474121094,36.599998474121094,11571500,36.599998474121094
2015-11-10,37.20000076293945,36.5,36.58000183105469,37.0,36384400,37.0
2015-11-11,37.31999969482422,35.75,37.189998626708984,36.33000183105469,12762500,36.33000183105469
2015-11-12,36.04999923706055,34.83000183105469,35.94499969482422,35.56999969482422,11835900,35.56999969482422
2015-11-13,35.5,34.5,35.18000030517578,34.529998779296875,7364400,34.529998779296875
2015-11-16,35.65999984741211,34.529998779296875,34.54999923706055,35.61000061035156,6734500,35.61000061035156
2015-11-17,36.45000076293945,35.709999084472656,35.88999938964844,36.209999084472656,7344900,36.209999084472656
2015-11-18,36.95000076293945,35.78499984741211,36.31999969482422,36.220001220703125,8323100,36.220001220703125
2015-11-19,36.5,35.90999984741211,36.45000076293945,36.189998626708984,5041300,36.189998626708984
2015-11-20,36.45000076293945,35.91999816894531,36.45000076293945,36.36000061035156,4543400,36.36000061035156
2015-11-23,36.650001525878906,35.40999984741211,36.5,35.560001373291016,6961000,35.560001373291016
2015-11-24,35.29999923706055,34.880001068115234,35.25,35.119998931884766,8390100,35.119998931884766
2015-11-25,35.86000061035156,35.130001068115234,35.20000076293945,35.36000061035156,3881800,35.36000061035156
2015-11-27,35.70000076293945,35.060001373291016,35.52000045776367,35.18000030517578,2549400,35.18000030517578
2015-11-30,35.439998626708984,34.689998626708984,35.36000061035156,35.2599983215332,9357300,35.2599983215332
2015-12-01,35.40999984741211,33.849998474121094,35.40999984741211,35.16999816894531,14893900,35.16999816894531
2015-12-02,36.16999816894531,34.93000030517578,35.22999954223633,35.150001525878906,5762400,35.150001525878906
2015-12-03,35.22999954223633,33.849998474121094,35.20000076293945,34.22999954223633,7311900,34.22999954223633
2015-12-04,35.81999969482422,34.220001220703125,34.380001068115234,35.619998931884766,10664300,35.619998931884766
2015-12-07,35.79999923706055,34.849998474121094,35.709999084472656,35.15999984741211,4918000,35.15999984741211
2015-12-08,35.70000076293945,34.52000045776367,34.630001068115234,35.599998474121094,7420800,35.599998474121094
2015-12-09,35.599998474121094,34.83000183105469,35.38999938964844,35.06999969482422,7381700,35.06999969482422
2015-12-10,35.90999984741211,35.15999984741211,35.15999984741211,35.4900016784668,6909200,35.4900016784668
2015-12-11,35.32600021362305,34.41999816894531,35.150001525878906,34.689998626708984,8309200,34.689998626708984
2015-12-14,35.222999572753906,34.33000183105469,34.61000061035156,35.0099983215332,5784400,35.0099983215332
2015-12-15,36.5099983215332,35.18000030517578,35.189998626708984,36.31999969482422,11709900,36.31999969482422
2015-12-16,36.25,35.189998626708984,36.119998931884766,35.97999954223633,7076300,35.97999954223633
2015-12-17,36.58000183105469,35.5099983215332,36.0,35.540000915527344,6454100,35.540000915527344
2015-12-18,35.7599983215332,34.72999954223633,35.349998474121094,34.97999954223633,13745900,34.97999954223633
2015-12-21,36.150001525878906,35.11000061035156,35.209999084472656,36.08000183105469,5856000,36.08000183105469
2015-12-22,36.88999938964844,35.779998779296875,36.119998931884766,36.80500030517578,6030900,36.80500030517578
2015-12-23,37.68000030517578,36.77000045776367,36.790000915527344,37.11000061035156,7579500,37.11000061035156
2015-12-24,37.22999954223633,36.81999969482422,37.0099983215332,37.06999969482422,2133400,37.06999969482422
2015-12-28,37.0,36.25,36.70000076293945,36.61000061035156,4930100,36.61000061035156
2015-12-29,37.45000076293945,36.75,36.91999816894531,37.08000183105469,3436600,37.08000183105469
2015-12-30,37.25,36.459999084472656,37.06999969482422,36.47999954223633,4106700,36.47999954223633
2015-12-31,36.5,36.05099868774414,36.29999923706055,36.20000076293945,4453800,36.20000076293945
2016-01-04,35.560001373291016,34.279998779296875,35.130001068115234,34.75,12287700,34.75
2016-01-05,34.97999954223633,33.86000061035156,34.97999954223633,34.310001373291016,11227700,34.310001373291016
2016-01-06,34.0099983215332,33.209999084472656,33.70000076293945,33.97999954223633,8441300,33.97999954223633
2016-01-07,34.1609992980957,33.02000045776367,33.150001525878906,33.130001068115234,11041100,33.130001068115234
2016-01-08,33.880001068115234,32.630001068115234,33.459999084472656,32.689998626708984,7848800,32.689998626708984
2016-01-11,33.43000030517578,32.470001220703125,33.02000045776367,33.040000915527344,8937400,33.040000915527344
2016-01-12,33.56999969482422,32.65999984741211,33.349998474121094,33.08000183105469,7854000,33.08000183105469
2016-01-13,33.56999969482422,31.969999313354492,33.279998779296875,32.119998931884766,8069400,32.119998931884766
2016-01-14,33.040000915527344,31.704999923706055,32.150001525878906,32.869998931884766,7749500,32.869998931884766
2016-01-15,32.540000915527344,31.6200008392334,31.6200008392334,32.310001373291016,12131400,32.310001373291016
2016-01-19,33.18000030517578,31.93000030517578,32.7599983215332,32.20000076293945,6674700,32.20000076293945
2016-01-20,31.700000762939453,30.520000457763672,31.43000030517578,31.200000762939453,13170600,31.200000762939453
2016-01-21,31.739999771118164,30.899999618530273,31.610000610351562,31.200000762939453,9978900,31.200000762939453
2016-01-22,31.969999313354492,31.540000915527344,31.649999618530273,31.690000534057617,9444000,31.690000534057617
2016-01-25,31.979999542236328,31.350000381469727,31.979999542236328,31.469999313354492,7591800,31.469999313354492
2016-01-26,31.979999542236328,31.389999389648438,31.489999771118164,31.969999313354492,8617000,31.969999313354492
2016-01-27,32.630001068115234,31.3799991607666,31.959999084472656,31.59000015258789,12711700,31.59000015258789
2016-01-28,34.75,33.349998474121094,33.630001068115234,34.2400016784668,20378600,34.2400016784668
2016-01-29,36.2599983215332,34.36000061035156,34.4900016784668,36.13999938964844,21201100,36.13999938964844
2016-02-01,37.31999969482422,35.59000015258789,35.650001525878906,37.08000183105469,17356000,37.08000183105469
2016-02-02,37.77000045776367,36.439998626708984,36.529998779296875,36.83000183105469,17310600,36.83000183105469
2016-02-03,37.54999923706055,36.06999969482422,36.869998931884766,37.0099983215332,14543100,37.0099983215332
2016-02-04,37.28499984741211,36.540000915527344,36.65999984741211,37.16999816894531,10212300,37.16999816894531
2016-02-05,37.15999984741211,34.81999969482422,37.15999984741211,35.06999969482422,16245800,35.06999969482422
2016-02-08,34.290000915527344,31.979999542236328,34.0,33.61000061035156,20629000,33.61000061035156
2016-02-09,33.858001708984375,31.639999389648438,32.79999923706055,32.70000076293945,16439200,32.70000076293945
2016-02-10,33.939998626708984,32.81999969482422,33.619998931884766,32.900001525878906,8636500,32.900001525878906
2016-02-11,33.63999938964844,32.0099983215332,32.119998931884766,33.52000045776367,13170100,33.52000045776367
2016-02-12,34.439998626708984,33.810001373291016,33.970001220703125,34.29999923706055,9437100,34.29999923706055
2016-02-16,35.52000045776367,34.47999954223633,34.650001525878906,35.459999084472656,9152400,35.459999084472656
2016-02-17,36.90999984741211,35.810001373291016,35.97999954223633,36.36000061035156,12070600,36.36000061035156
2016-02-18,36.529998779296875,35.65999984741211,36.40999984741211,36.310001373291016,9022100,36.310001373291016
2016-02-19,36.23500061035156,35.61000061035156,36.0,35.7599983215332,9652800,35.7599983215332
2016-02-22,36.5,35.81999969482422,36.45000076293945,36.0,10476200,36.0
2016-02-23,35.935001373291016,35.02000045776367,35.720001220703125,35.47999954223633,8415200,35.47999954223633
2016-02-24,36.75,34.86000061035156,35.220001220703125,36.470001220703125,8090600,36.470001220703125
2016-02-25,36.83000183105469,36.18000030517578,36.66999816894531,36.7400016784668,5209500,36.7400016784668
2016-02-26,37.53499984741211,36.369998931884766,36.72999954223633,37.4900016784668,8595000,37.4900016784668
2016-02-29,38.93000030517578,37.45000076293945,37.470001220703125,38.13999938964844,23939900,38.13999938964844
2016-03-01,39.54499816894531,38.02000045776367,38.52000045776367,39.25,14085300,39.25
2016-03-02,39.93000030517578,38.70000076293945,39.20000076293945,39.15999984741211,12895900,39.15999984741211
2016-03-03,39.2400016784668,38.62900161743164,38.959999084472656,39.02000045776367,7656900,39.02000045776367
2016-03-04,39.70000076293945,38.755001068115234,38.77000045776367,39.040000915527344,7200100,39.040000915527344
2016-03-07,39.400001525878906,38.720001220703125,38.779998779296875,38.97999954223633,5327200,38.97999954223633
2016-03-08,38.880001068115234,38.11000061035156,38.689998626708984,38.15999984741211,6012700,38.15999984741211
2016-03-09,38.619998931884766,37.81999969482422,38.47999954223633,38.56999969482422,4990500,38.56999969482422
2016-03-10,39.29999923706055,37.47999954223633,38.65999984741211,38.4900016784668,7655700,38.4900016784668
2016-03-11,39.529998779296875,38.849998474121094,39.0,39.4900016784668,9539500,39.4900016784668
2016-03-14,39.79999923706055,39.040000915527344,39.400001525878906,39.380001068115234,5299700,39.380001068115234
2016-03-15,39.63999938964844,39.04999923706055,39.04999923706055,39.27000045776367,5013900,39.27000045776367
2016-03-16,39.88999938964844,38.56999969482422,39.09000015258789,39.84000015258789,6363500,39.84000015258789
2016-03-17,40.119998931884766,39.16999816894531,39.849998474121094,39.93000030517578,9789600,39.93000030517578
2016-03-18,39.86000061035156,38.689998626708984,39.86000061035156,39.40999984741211,15132400,39.40999984741211
2016-03-21,41.16999816894531,39.20000076293945,39.40999984741211,41.13999938964844,13432400,41.13999938964844
2016-03-22,41.75,40.630001068115234,40.66999816894531,41.31999969482422,10552300,41.31999969482422
2016-03-23,41.310001373291016,40.040000915527344,41.060001373291016,40.52000045776367,8104700,40.52000045776367
2016-03-24,39.5099983215332,37.0,39.400001525878906,38.91999816894531,15040600,38.91999816894531
2016-03-28,39.16999816894531,38.619998931884766,38.810001373291016,38.7400016784668,6192900,38.7400016784668
2016-03-29,39.71500015258789,38.29999923706055,38.7400016784668,39.529998779296875,5694000,39.529998779296875
2016-03-30,40.040000915527344,38.994998931884766,39.939998626708984,39.040000915527344,5246800,39.040000915527344
2016-03-31,39.0,38.43000030517578,38.7400016784668,38.599998474121094,8087000,38.599998474121094
2016-04-01,39.459999084472656,38.400001525878906,38.5099983215332,39.400001525878906,6982000,39.400001525878906
2016-04-04,39.380001068115234,38.40999984741211,39.36000061035156,38.790000915527344,5381300,38.790000915527344
2016-04-05,38.810001373291016,37.70000076293945,38.349998474121094,38.54999923706055,5364800,38.54999923706055
2016-04-06,39.185001373291016,38.25,38.45000076293945,39.15999984741211,5526200,39.15999984741211
2016-04-07,38.939998626708984,38.119998931884766,38.849998474121094,38.279998779296875,7294500,38.279998779296875
2016-04-08,38.69900131225586,38.099998474121094,38.61000061035156,38.40999984741211,7822300,38.40999984741211
2016-04-11,38.81999969482422,38.029998779296875,38.33000183105469,38.060001373291016,5428900,38.060001373291016
2016-04-12,38.31999969482422,37.34000015258789,38.31999969482422,37.79999923706055,7677100,37.79999923706055
2016-04-13,39.119998931884766,38.189998626708984,38.25,38.790000915527344,7082400,38.790000915527344
2016-04-14,39.02000045776367,38.415000915527344,38.939998626708984,38.63999938964844,4590200,38.63999938964844
2016-04-15,38.95000076293945,38.290000915527344,38.689998626708984,38.58000183105469,5239600,38.58000183105469
2016-04-18,39.689998626708984,38.43000030517578,38.560001373291016,39.63999938964844,6428200,39.63999938964844
2016-04-19,40.06999969482422,38.974998474121094,39.75,39.2400016784668,5915800,39.2400016784668
2016-04-20,40.2400016784668,39.16999816894531,39.2400016784668,40.08000183105469,7723500,40.08000183105469
2016-04-21,40.54999923706055,40.013999938964844,40.20000076293945,40.099998474121094,5539400,40.099998474121094
2016-04-22,40.6349983215332,39.68000030517578,39.720001220703125,40.310001373291016,6433900,40.310001373291016
2016-04-25,40.84000015258789,39.540000915527344,40.27000045776367,39.81999969482422,7934200,39.81999969482422
2016-04-26,40.130001068115234,39.33000183105469,39.56999969482422,39.72999954223633,5271200,39.72999954223633
2016-04-27,40.18000030517578,39.20000076293945,39.68000030517578,40.0099983215332,12727600,40.0099983215332
2016-04-28,41.4900016784668,39.90999984741211,41.0,40.06999969482422,17800000,40.06999969482422
2016-04-29,39.869998931884766,38.59000015258789,39.709999084472656,39.18000030517578,10001400,39.18000030517578
2016-05-02,39.27000045776367,38.72999954223633,39.06999969482422,39.02000045776367,6777500,39.02000045776367
2016-05-03,38.970001220703125,38.13999938964844,38.630001068115234,38.36000061035156,9146600,38.36000061035156
2016-05-04,38.459999084472656,37.869998931884766,38.06999969482422,38.310001373291016,8121600,38.310001373291016
2016-05-05,39.11899948120117,38.31999969482422,38.380001068115234,38.95000076293945,7127200,38.95000076293945
2016-05-06,39.70000076293945,38.61000061035156,38.709999084472656,39.47999954223633,6548100,39.47999954223633
2016-05-09,40.18000030517578,39.33000183105469,39.41999816894531,39.619998931884766,5861000,39.619998931884766
2016-05-10,40.150001525878906,39.2400016784668,39.619998931884766,40.11000061035156,6588700,40.11000061035156
2016-05-11,40.31399917602539,39.56999969482422,39.56999969482422,39.709999084472656,5995500,39.709999084472656
2016-05-12,40.0,39.16999816894531,39.849998474121094,39.5099983215332,6323100,39.5099983215332
2016-05-13,39.79999923706055,39.310001373291016,39.540000915527344,39.47999954223633,5885900,39.47999954223633
2016-05-16,39.529998779296875,39.130001068115234,39.36000061035156,39.29999923706055,10316000,39.29999923706055
2016-05-17,39.65999984741211,38.75,39.099998474121094,39.064998626708984,10746100,39.064998626708984
2016-05-18,39.36000061035156,38.5,39.18000030517578,38.97999954223633,10393500,38.97999954223633
2016-05-19,38.880001068115234,37.310001373291016,38.810001373291016,37.650001525878906,17041300,37.650001525878906
2016-05-20,37.95000076293945,37.4900016784668,37.790000915527344,37.529998779296875,12496600,37.529998779296875
2016-05-23,38.22999954223633,37.38999938964844,37.68000030517578,38.06999969482422,9083800,38.06999969482422
2016-05-24,39.005001068115234,38.279998779296875,38.279998779296875,38.91999816894531,7555200,38.91999816894531
2016-05-25,39.060001373291016,38.5099983215332,38.869998931884766,38.7599983215332,6538900,38.7599983215332
2016-05-26,38.7400016784668,38.0,38.709999084472656,38.06999969482422,5894700,38.06999969482422
2016-05-27,38.345001220703125,37.91999816894531,38.0,38.09000015258789,5862000,38.09000015258789
2016-05-31,38.029998779296875,37.5,37.959999084472656,37.790000915527344,12231400,37.790000915527344
2016-06-01,38.479000091552734,37.709999084472656,37.810001373291016,38.310001373291016,5458500,38.310001373291016
2016-06-02,38.685001373291016,38.31999969482422,38.41999816894531,38.560001373291016,4658600,38.560001373291016
2016-06-03,38.59000015258789,37.8129997253418,38.439998626708984,38.33000183105469,4986000,38.33000183105469
2016-06-06,38.4900016784668,37.97999954223633,38.470001220703125,38.099998474121094,5065900,38.099998474121094
2016-06-07,38.47999954223633,37.52000045776367,38.06999969482422,37.56999969482422,6324400,37.56999969482422
2016-06-08,37.70000076293945,37.060001373291016,37.529998779296875,37.54999923706055,8666600,37.54999923706055
2016-06-09,37.56999969482422,37.11000061035156,37.47999954223633,37.130001068115234,10206700,37.130001068115234
2016-06-10,37.04999923706055,36.619998931884766,36.83000183105469,36.77000045776367,7741400,36.77000045776367
2016-06-13,37.11000061035156,36.494998931884766,36.5,36.540000915527344,8216000,36.540000915527344
2016-06-14,37.275001525878906,36.25,36.369998931884766,37.15999984741211,10281900,37.15999984741211
2016-06-15,37.220001220703125,36.78499984741211,37.15999984741211,36.84000015258789,7092000,36.84000015258789
2016-06-16,37.040000915527344,36.349998474121094,36.619998931884766,36.970001220703125,6106000,36.970001220703125
2016-06-17,37.18000030517578,36.630001068115234,37.029998779296875,36.970001220703125,7947100,36.970001220703125
2016-06-20,37.7599983215332,36.81999969482422,37.279998779296875,36.86000061035156,7789600,36.86000061035156
2016-06-21,36.79999923706055,35.95000076293945,36.79999923706055,36.15999984741211,12816100,36.15999984741211
2016-06-22,36.49300003051758,35.779998779296875,36.279998779296875,36.0,9292400,36.0
2016-06-23,36.665000915527344,36.04999923706055,36.27000045776367,36.65999984741211,4808700,36.65999984741211
2016-06-24,35.724998474121094,34.61000061035156,35.0,35.08000183105469,17647200,35.08000183105469
2016-06-27,34.7599983215332,34.0,34.7400016784668,34.20000076293945,11195800,34.20000076293945
2016-06-28,35.25,34.22999954223633,34.459999084472656,35.2400016784668,12408200,35.2400016784668
2016-06-29,35.904998779296875,35.290000915527344,35.689998626708984,35.77000045776367,9520400,35.77000045776367
2016-06-30,36.529998779296875,35.59000015258789,35.810001373291016,36.5099983215332,9153000,36.5099983215332
2016-07-01,36.66999816894531,36.25,36.599998474121094,36.349998474121094,7260400,36.349998474121094
2016-07-05,36.36000061035156,35.869998931884766,36.29999923706055,36.119998931884766,5321100,36.119998931884766
2016-07-06,36.16999816894531,35.71500015258789,35.939998626708984,35.93000030517578,7821300,35.93000030517578
2016-07-07,36.38999938964844,35.84000015258789,35.91999816894531,36.31999969482422,7326700,36.31999969482422
2016-07-08,37.459999084472656,36.65999984741211,36.779998779296875,37.36000061035156,6828600,37.36000061035156
2016-07-11,38.33000183105469,37.400001525878906,37.45000076293945,38.150001525878906,10096200,38.150001525878906
2016-07-12,38.90999984741211,38.2400016784668,38.470001220703125,38.790000915527344,9997200,38.790000915527344
2016-07-13,39.9900016784668,38.83000183105469,38.84000015258789,39.279998779296875,12458500,39.279998779296875
2016-07-14,40.06999969482422,39.400001525878906,39.689998626708984,39.959999084472656,9683500,39.959999084472656
2016-07-15,40.06999969482422,38.97999954223633,40.02000045776367,39.09000015258789,8140600,39.09000015258789
2016-07-18,39.220001220703125,38.72999954223633,39.130001068115234,38.91999816894531,7877400,38.91999816894531
2016-07-19,39.46500015258789,38.83000183105469,38.970001220703125,39.369998931884766,8120100,39.369998931884766
2016-07-20,40.45000076293945,39.119998931884766,39.439998626708984,40.04999923706055,11189100,40.04999923706055
2016-07-21,40.33000183105469,39.650001525878906,40.33000183105469,40.130001068115234,13363300,40.130001068115234
2016-07-22,37.59000015258789,36.43000030517578,37.29999923706055,37.41999816894531,36397300,37.41999816894531
2016-07-25,38.18000030517578,37.619998931884766,37.70000076293945,37.779998779296875,16904100,37.779998779296875
2016-07-26,38.27000045776367,37.599998474121094,37.779998779296875,37.689998626708984,10279200,37.689998626708984
2016-07-27,37.689998626708984,37.04499816894531,37.63999938964844,37.220001220703125,8894200,37.220001220703125
2016-07-28,37.68000030517578,37.10100173950195,37.400001525878906,37.220001220703125,5111300,37.220001220703125
2016-07-29,37.47999954223633,36.86000061035156,37.40999984741211,37.2400016784668,6841500,37.2400016784668
2016-08-01,37.439998626708984,36.900001525878906,37.43000030517578,37.060001373291016,5473900,37.060001373291016
2016-08-02,37.084999084472656,36.36000061035156,37.060001373291016,36.540000915527344,5997700,36.540000915527344
2016-08-03,36.7400016784668,36.279998779296875,36.59000015258789,36.58000183105469,7663800,36.58000183105469
2016-08-04,37.38999938964844,36.72999954223633,36.81999969482422,37.29999923706055,7507800,37.29999923706055
2016-08-05,38.150001525878906,37.54999923706055,37.54999923706055,38.099998474121094,7670400,38.099998474121094
2016-08-08,38.29999923706055,37.650001525878906,38.189998626708984,37.90999984741211,6101300,37.90999984741211
2016-08-09,38.13999938964844,37.880001068115234,38.029998779296875,38.099998474121094,5049100,38.099998474121094
2016-08-10,38.244998931884766,37.90999984741211,38.02000045776367,38.06999969482422,5546800,38.06999969482422
2016-08-11,38.4900016784668,38.099998474121094,38.189998626708984,38.459999084472656,5999400,38.459999084472656
2016-08-12,38.630001068115234,38.099998474121094,38.29999923706055,38.5099983215332,6527900,38.5099983215332
2016-08-15,38.650001525878906,38.34000015258789,38.54999923706055,38.459999084472656,4548200,38.459999084472656
2016-08-16,38.529998779296875,38.150001525878906,38.400001525878906,38.380001068115234,6170800,38.380001068115234
2016-08-17,38.459999084472656,37.880001068115234,38.40999984741211,38.13999938964844,5264000,38.13999938964844
2016-08-18,38.375,37.93000030517578,38.06999969482422,38.220001220703125,3880600,38.220001220703125
2016-08-19,38.18000030517578,37.89500045776367,38.02000045776367,38.09000015258789,5107900,38.09000015258789
2016-08-22,38.20000076293945,37.65999984741211,37.93000030517578,38.11000061035156,10704300,38.11000061035156
2016-08-23,38.43000030517578,37.79999923706055,38.41999816894531,37.86000061035156,6066400,37.86000061035156
2016-08-24,37.95000076293945,37.40999984741211,37.810001373291016,37.52000045776367,5914200,37.52000045776367
2016-08-25,37.56999969482422,37.25,37.5,37.5099983215332,5132100,37.5099983215332
2016-08-26,37.84000015258789,37.380001068115234,37.720001220703125,37.650001525878906,4177700,37.650001525878906
2016-08-29,37.650001525878906,37.27000045776367,37.61000061035156,37.290000915527344,4780700,37.290000915527344
2016-08-30,37.52000045776367,36.98500061035156,37.2599983215332,37.0,6873600,37.0
2016-08-31,37.2400016784668,36.84000015258789,37.0,37.150001525878906,7166300,37.150001525878906
2016-09-01,37.31999969482422,36.58000183105469,37.27000045776367,36.83000183105469,10412200,36.83000183105469
2016-09-02,37.125,36.29999923706055,37.0099983215332,37.06999969482422,6726900,37.06999969482422
2016-09-06,37.650001525878906,37.02000045776367,37.04999923706055,37.18000030517578,6416900,37.18000030517578
2016-09-07,38.58000183105469,37.2599983215332,37.33000183105469,38.560001373291016,10817700,38.560001373291016
2016-09-08,39.33000183105469,38.500999450683594,38.650001525878906,39.27000045776367,12037300,39.27000045776367
2016-09-09,39.02000045776367,37.90999984741211,38.75,38.0099983215332,10747100,38.0099983215332
2016-09-12,38.84000015258789,37.540000915527344,37.650001525878906,38.77000045776367,8635000,38.77000045776367
2016-09-13,40.33000183105469,38.40999984741211,38.619998931884766,39.86000061035156,17924900,39.86000061035156
2016-09-14,40.279998779296875,39.529998779296875,39.9900016784668,39.959999084472656,13042100,39.959999084472656
2016-09-15,41.13999938964844,39.869998931884766,40.310001373291016,40.83000183105469,12702800,40.83000183105469
2016-09-16,40.880001068115234,40.32500076293945,40.709999084472656,40.70000076293945,11909400,40.70000076293945
2016-09-19,40.459999084472656,39.75,40.2400016784668,40.0099983215332,7574500,40.0099983215332
2016-09-20,40.29999923706055,39.66999816894531,40.29999923706055,39.689998626708984,5563300,39.689998626708984
2016-09-21,40.38999938964844,39.70000076293945,39.86000061035156,40.290000915527344,5378400,40.290000915527344
2016-09-22,40.65999984741211,40.13999938964844,40.41999816894531,40.4900016784668,5691000,40.4900016784668
2016-09-23,40.494998931884766,39.599998474121094,39.599998474121094,40.06999969482422,6234600,40.06999969482422
2016-09-26,40.5099983215332,39.380001068115234,39.380001068115234,40.34000015258789,9054400,40.34000015258789
2016-09-27,41.22999954223633,39.4900016784668,40.040000915527344,41.060001373291016,8674100,41.060001373291016
2016-09-28,41.189998626708984,40.209999084472656,41.150001525878906,40.970001220703125,6751200,40.970001220703125
2016-09-29,41.29999923706055,40.36000061035156,40.90999984741211,40.38999938964844,7953000,40.38999938964844
2016-09-30,41.04999923706055,40.27000045776367,40.290000915527344,40.970001220703125,8685600,40.970001220703125
2016-10-03,41.20000076293945,40.15999984741211,40.869998931884766,40.59000015258789,6925000,40.59000015258789
2016-10-04,41.29999923706055,40.439998626708984,41.29999923706055,40.779998779296875,5046600,40.779998779296875
2016-10-05,40.95000076293945,40.400001525878906,40.95000076293945,40.439998626708984,6128200,40.439998626708984
2016-10-06,40.38999938964844,39.86000061035156,40.31999969482422,40.18000030517578,6312000,40.18000030517578
2016-10-07,40.41999816894531,39.619998931884766,40.41999816894531,39.880001068115234,6109900,39.880001068115234
2016-10-10,40.16999816894531,39.59000015258789,40.130001068115234,39.86000061035156,6636700,39.86000061035156
2016-10-11,40.11000061035156,38.959999084472656,40.029998779296875,39.189998626708984,9955700,39.189998626708984
2016-10-12,39.79999923706055,39.29999923706055,39.77000045776367,39.529998779296875,7039900,39.529998779296875
2016-10-13,39.400001525878906,38.75,39.38999938964844,39.20000076293945,7865200,39.20000076293945
2016-10-14,39.88999938964844,39.22999954223633,39.459999084472656,39.2400016784668,6647600,39.2400016784668
2016-10-17,39.619998931884766,39.15999984741211,39.2400016784668,39.47999954223633,5279500,39.47999954223633
2016-10-18,40.18000030517578,39.779998779296875,40.0,39.83000183105469,5475900,39.83000183105469
2016-10-19,40.470001220703125,39.84000015258789,39.970001220703125,40.2400016784668,6587700,40.2400016784668
2016-10-20,40.290000915527344,39.81999969482422,40.22999954223633,40.09000015258789,13337500,40.09000015258789
2016-10-21,44.2400016784668,41.84000015258789,41.849998474121094,44.150001525878906,37554700,44.150001525878906
2016-10-24,44.52000045776367,43.13999938964844,44.0,43.869998931884766,19079000,43.869998931884766
2016-10-25,44.06999969482422,43.0,43.65999984741211,43.310001373291016,9463900,43.310001373291016
2016-10-26,43.209999084472656,42.310001373291016,43.0,42.33000183105469,10918800,42.33000183105469
2016-10-27,42.56999969482422,41.62099838256836,42.54999923706055,41.689998626708984,9447300,41.689998626708984
2016-10-28,41.97999954223633,41.06999969482422,41.97999954223633,41.7599983215332,11979200,41.7599983215332
2016-10-31,42.0,41.36000061035156,41.779998779296875,41.65999984741211,7160000,41.65999984741211
2016-11-01,42.29499816894531,41.290000915527344,41.68000030517578,41.540000915527344,9399000,41.540000915527344
2016-11-02,41.56999969482422,41.08000183105469,41.43000030517578,41.349998474121094,7920600,41.349998474121094
2016-11-03,41.5,40.91999816894531,41.31999969482422,41.189998626708984,6239900,41.189998626708984
2016-11-04,41.48500061035156,40.29999923706055,40.29999923706055,40.900001525878906,6541300,40.900001525878906
2016-11-07,41.650001525878906,41.060001373291016,41.52000045776367,41.279998779296875,7904900,41.279998779296875
2016-11-08,42.150001525878906,41.09000015258789,41.41999816894531,41.58000183105469,6945700,41.58000183105469
2016-11-09,41.470001220703125,40.58000183105469,40.599998474121094,41.2599983215332,9744400,41.2599983215332
2016-11-10,41.900001525878906,39.58000183105469,41.900001525878906,40.45000076293945,12097600,40.45000076293945
2016-11-11,40.77000045776367,39.79999923706055,40.77000045776367,40.08000183105469,10775700,40.08000183105469
2016-11-14,40.400001525878906,38.45000076293945,40.400001525878906,38.810001373291016,17877800,38.810001373291016
2016-11-15,39.47999954223633,38.900001525878906,39.040000915527344,38.939998626708984,16037800,38.939998626708984
2016-11-16,39.209999084472656,38.709999084472656,39.04999923706055,39.06999969482422,12730900,39.06999969482422
2016-11-17,40.05500030517578,38.95000076293945,39.119998931884766,39.880001068115234,9758500,39.880001068115234
2016-11-18,40.56999969482422,39.90999984741211,40.08000183105469,40.08000183105469,9521500,40.08000183105469
2016-11-21,40.77000045776367,40.11600112915039,40.119998931884766,40.630001068115234,6667200,40.630001068115234
2016-11-22,41.099998474121094,39.95000076293945,40.9900016784668,40.33000183105469,7734700,40.33000183105469
2016-11-23,40.43000030517578,39.849998474121094,40.310001373291016,40.04999923706055,5770600,40.04999923706055
2016-11-25,40.560001373291016,39.9900016784668,40.400001525878906,40.2599983215332,2324300,40.2599983215332
2016-11-28,40.4900016784668,39.92499923706055,40.2599983215332,39.959999084472656,4170600,39.959999084472656
2016-11-29,40.36000061035156,39.790000915527344,40.06999969482422,39.88999938964844,5083700,39.88999938964844
2016-11-30,40.18000030517578,39.18000030517578,40.099998474121094,39.279998779296875,8420700,39.279998779296875
2016-12-01,39.68000030517578,38.18000030517578,39.560001373291016,38.34000015258789,11265600,38.34000015258789
2016-12-02,38.75,38.060001373291016,38.34000015258789,38.619998931884766,6335200,38.619998931884766
2016-12-05,39.34000015258789,38.650001525878906,38.849998474121094,38.9900016784668,5053900,38.9900016784668
2016-12-06,39.2599983215332,38.709999084472656,39.22999954223633,38.97999954223633,5954500,38.97999954223633
2016-12-07,39.459999084472656,38.79999923706055,39.08000183105469,39.45000076293945,7012000,39.45000076293945
2016-12-08,40.0,39.45000076293945,39.68000030517578,39.61000061035156,6102600,39.61000061035156
2016-12-09,39.790000915527344,39.375,39.70000076293945,39.650001525878906,3923700,39.650001525878906
2016-12-12,39.900001525878906,39.349998474121094,39.599998474121094,39.43000030517578,4474500,39.43000030517578
2016-12-13,39.744998931884766,39.38999938964844,39.54999923706055,39.43000030517578,6385900,39.43000030517578
2016-12-14,39.88999938964844,39.459999084472656,39.459999084472656,39.54999923706055,4658700,39.54999923706055
2016-12-15,40.290000915527344,39.349998474121094,39.79999923706055,39.540000915527344,6418900,39.540000915527344
2016-12-16,39.900001525878906,39.119998931884766,39.900001525878906,39.31999969482422,9786300,39.31999969482422
2016-12-19,39.79999923706055,39.11000061035156,39.400001525878906,39.439998626708984,4268600,39.439998626708984
2016-12-20,39.7400016784668,39.2599983215332,39.61000061035156,39.7400016784668,3637200,39.7400016784668
2016-12-21,40.7400016784668,39.81999969482422,39.84000015258789,40.09000015258789,6768200,40.09000015258789
2016-12-22,40.09000015258789,39.540000915527344,40.040000915527344,39.68000030517578,5065000,39.68000030517578
2016-12-23,39.869998931884766,39.47999954223633,39.81999969482422,39.58000183105469,3378100,39.58000183105469
2016-12-27,40.08000183105469,39.43000030517578,39.5,39.720001220703125,2660100,39.720001220703125
2016-12-28,40.029998779296875,39.529998779296875,39.7599983215332,39.56999969482422,3292400,39.56999969482422
2016-12-29,40.16999816894531,39.540000915527344,39.540000915527344,39.959999084472656,3708000,39.959999084472656
2016-12-30,40.06999969482422,39.34000015258789,39.959999084472656,39.470001220703125,5012100,39.470001220703125
2017-01-03,40.97999954223633,40.0,40.290000915527344,40.25,8247400,40.25
2017-01-04,41.029998779296875,40.04499816894531,40.349998474121094,41.0,6806400,41.0
2017-01-05,41.720001220703125,41.040000915527344,41.43000030517578,41.060001373291016,6432000,41.060001373291016
2017-01-06,41.63999938964844,40.790000915527344,41.2400016784668,41.45000076293945,5586400,41.45000076293945
2017-01-09,41.5099983215332,41.11000061035156,41.4900016784668,41.400001525878906,3943900,41.400001525878906
2017-01-10,41.54999923706055,41.06999969482422,41.400001525878906,41.08000183105469,4174900,41.08000183105469
2017-01-11,41.380001068115234,40.834999084472656,41.22999954223633,41.279998779296875,4425300,41.279998779296875
2017-01-12,41.60499954223633,40.91999816894531,41.279998779296875,41.560001373291016,3840500,41.560001373291016
2017-01-13,41.84000015258789,41.529998779296875,41.650001525878906,41.599998474121094,3917700,41.599998474121094
2017-01-17,41.709999084472656,41.20000076293945,41.599998474121094,41.27000045776367,5932900,41.27000045776367
2017-01-18,41.4900016784668,41.11000061035156,41.40999984741211,41.349998474121094,4706000,41.349998474121094
2017-01-19,41.68000030517578,41.029998779296875,41.25,41.27000045776367,4717600,41.27000045776367
2017-01-20,41.720001220703125,41.29999923706055,41.38999938964844,41.689998626708984,6868500,41.689998626708984
2017-01-23,42.11000061035156,41.25,41.86000061035156,41.619998931884766,8497100,41.619998931884766
2017-01-24,42.040000915527344,41.529998779296875,41.95000076293945,41.959999084472656,6106500,41.959999084472656
2017-01-25,42.439998626708984,41.65999984741211,42.36000061035156,41.709999084472656,8604000,41.709999084472656
2017-01-26,42.5,41.28499984741211,42.36000061035156,41.5,11838100,41.5
2017-01-27,41.20000076293945,39.91999816894531,41.0,40.27000045776367,22749200,40.27000045776367
2017-01-30,40.27000045776367,39.41999816894531,40.16999816894531,39.86000061035156,11486000,39.86000061035156
2017-01-31,40.0099983215332,39.45000076293945,39.70000076293945,39.779998779296875,9100100,39.779998779296875
2017-02-01,40.0,39.11000061035156,39.959999084472656,39.310001373291016,8860400,39.310001373291016
2017-02-02,39.84000015258789,39.02000045776367,39.400001525878906,39.58000183105469,8736800,39.58000183105469
2017-02-03,39.93000030517578,39.54999923706055,39.790000915527344,39.59000015258789,7131100,39.59000015258789
2017-02-06,39.83000183105469,39.34000015258789,39.63999938964844,39.7400016784668,8206400,39.7400016784668
2017-02-07,40.34000015258789,39.70000076293945,40.0099983215332,40.02000045776367,7956300,40.02000045776367
2017-02-08,40.9900016784668,39.91999816894531,40.18000030517578,40.880001068115234,7399000,40.880001068115234
2017-02-09,40.994998931884766,40.29999923706055,40.439998626708984,40.83000183105469,6467600,40.83000183105469
2017-02-10,40.86000061035156,40.560001373291016,40.81999969482422,40.58000183105469,6248200,40.58000183105469
2017-02-13,41.29999923706055,40.7400016784668,40.83000183105469,41.16999816894531,6260900,41.16999816894531
2017-02-14,41.630001068115234,40.939998626708984,41.18000030517578,41.619998931884766,6496400,41.619998931884766
2017-02-15,41.93000030517578,41.27000045776367,41.689998626708984,41.869998931884766,7124600,41.869998931884766
2017-02-16,42.310001373291016,41.70000076293945,41.869998931884766,42.150001525878906,5730800,42.150001525878906
2017-02-17,42.29999923706055,41.79999923706055,41.91999816894531,41.959999084472656,5106000,41.959999084472656
2017-02-21,42.560001373291016,41.900001525878906,41.93000030517578,42.43000030517578,5874700,42.43000030517578
2017-02-22,42.529998779296875,42.119998931884766,42.29999923706055,42.41999816894531,4316200,42.41999816894531
2017-02-23,42.66999816894531,42.15999984741211,42.369998931884766,42.529998779296875,5456300,42.529998779296875
2017-02-24,43.06999969482422,41.83000183105469,42.11000061035156,43.06999969482422,6769500,43.06999969482422
2017-02-27,42.88999938964844,42.349998474121094,42.88999938964844,42.63999938964844,5026700,42.63999938964844
2017-02-28,42.4900016784668,41.9900016784668,42.4900016784668,42.0,6956800,42.0
2017-03-01,42.52000045776367,41.9900016784668,42.310001373291016,42.43000030517578,6003800,42.43000030517578
2017-03-02,42.86000061035156,42.20000076293945,42.400001525878906,42.77000045776367,4572300,42.77000045776367
2017-03-03,43.040000915527344,42.58000183105469,42.70000076293945,43.029998779296875,4214400,43.029998779296875
2017-03-06,43.029998779296875,42.630001068115234,42.97999954223633,42.869998931884766,6032800,42.869998931884766
2017-03-07,43.20000076293945,42.709999084472656,42.79999923706055,42.88999938964844,4404700,42.88999938964844
2017-03-08,43.18000030517578,42.720001220703125,42.84000015258789,42.790000915527344,4573900,42.790000915527344
2017-03-09,43.0,42.45000076293945,42.65999984741211,42.91999816894531,3487900,42.91999816894531
2017-03-10,43.279998779296875,42.7599983215332,43.189998626708984,42.9900016784668,4636200,42.9900016784668
2017-03-13,42.96500015258789,42.45000076293945,42.869998931884766,42.59000015258789,5526900,42.59000015258789
2017-03-14,42.63999938964844,41.7400016784668,42.5099983215332,42.099998474121094,5888000,42.099998474121094
2017-03-15,42.56999969482422,41.88999938964844,42.290000915527344,42.38999938964844,4291800,42.38999938964844
2017-03-16,42.58000183105469,42.13999938964844,42.5,42.400001525878906,3998600,42.400001525878906
2017-03-17,43.29999923706055,42.369998931884766,42.56999969482422,43.08000183105469,12307900,43.08000183105469
2017-03-20,43.31999969482422,42.810001373291016,43.099998474121094,43.15999984741211,6686900,43.15999984741211
2017-03-21,43.400001525878906,42.459999084472656,43.33000183105469,42.63999938964844,7758400,42.63999938964844
2017-03-22,43.2400016784668,42.45000076293945,42.595001220703125,43.189998626708984,6513300,43.189998626708984
2017-03-23,43.61000061035156,43.0,43.130001068115234,43.13999938964844,7176400,43.13999938964844
2017-03-24,43.494998931884766,42.935001373291016,43.47999954223633,43.130001068115234,5739500,43.130001068115234
2017-03-27,43.20000076293945,42.58000183105469,42.689998626708984,43.08000183105469,3850300,43.08000183105469
2017-03-28,43.25,42.84000015258789,42.869998931884766,43.150001525878906,4396500,43.150001525878906
2017-03-29,43.29999923706055,42.959999084472656,43.150001525878906,43.2400016784668,3951100,43.2400016784668
2017-03-30,43.79999923706055,43.0,43.150001525878906,43.540000915527344,5691700,43.540000915527344
2017-03-31,43.47999954223633,43.0099983215332,43.439998626708984,43.02000045776367,5177500,43.02000045776367
2017-04-03,43.29999923706055,42.5099983215332,43.20000076293945,42.630001068115234,7773000,42.630001068115234
2017-04-04,42.7400016784668,42.2599983215332,42.7400016784668,42.720001220703125,4681800,42.720001220703125
2017-04-05,43.34299850463867,42.7400016784668,42.83000183105469,42.88999938964844,5292300,42.88999938964844
2017-04-06,43.0,42.720001220703125,42.900001525878906,42.900001525878906,5395400,42.900001525878906
2017-04-07,43.17499923706055,42.709999084472656,42.88999938964844,43.040000915527344,4861200,43.040000915527344
2017-04-10,43.54999923706055,43.0099983215332,43.06999969482422,43.04999923706055,4579500,43.04999923706055
2017-04-11,43.09000015258789,42.61000061035156,42.9900016784668,42.689998626708984,4856300,42.689998626708984
2017-04-12,42.810001373291016,42.060001373291016,42.099998474121094,42.4900016784668,5800100,42.4900016784668
2017-04-13,42.88999938964844,42.31999969482422,42.5,42.54999923706055,3631400,42.54999923706055
2017-04-17,43.13999938964844,42.599998474121094,42.599998474121094,43.099998474121094,3151600,43.099998474121094
2017-04-18,43.20000076293945,42.86000061035156,43.20000076293945,43.09000015258789,3711600,43.09000015258789
2017-04-19,43.470001220703125,42.900001525878906,43.029998779296875,43.29999923706055,4913900,43.29999923706055
2017-04-20,43.79999923706055,43.2599983215332,43.31999969482422,43.689998626708984,4811200,43.689998626708984
2017-04-21,44.0,43.599998474121094,43.86000061035156,43.810001373291016,5595700,43.810001373291016
2017-04-24,44.279998779296875,43.95000076293945,44.09000015258789,44.27000045776367,4643800,44.27000045776367
2017-04-25,45.0099983215332,44.349998474121094,44.4900016784668,44.709999084472656,7827900,44.709999084472656
2017-04-26,45.040000915527344,44.25,45.040000915527344,44.40999984741211,9846900,44.40999984741211
2017-04-27,48.099998474121094,46.75,47.25,47.150001525878906,34420200,47.150001525878906
2017-04-28,47.755001068115234,46.869998931884766,47.029998779296875,47.720001220703125,11642800,47.720001220703125
2017-05-01,47.7130012512207,47.31999969482422,47.38999938964844,47.540000915527344,14537500,47.540000915527344
2017-05-02,49.06999969482422,47.400001525878906,47.40999984741211,49.04999923706055,16820800,49.04999923706055
2017-05-03,49.290000915527344,48.625,49.15999984741211,49.02000045776367,11613100,49.02000045776367
2017-05-04,49.380001068115234,48.81999969482422,48.93000030517578,48.90999984741211,7148800,48.90999984741211
2017-05-05,49.439998626708984,48.400001525878906,48.619998931884766,49.29999923706055,4876200,49.29999923706055
2017-05-08,49.45000076293945,48.810001373291016,49.43000030517578,49.16999816894531,6641000,49.16999816894531
2017-05-09,49.369998931884766,48.900001525878906,49.060001373291016,49.220001220703125,4774000,49.220001220703125
2017-05-10,49.79999923706055,49.01499938964844,49.18000030517578,49.790000915527344,6507700,49.790000915527344
2017-05-11,49.709999084472656,49.11000061035156,49.630001068115234,49.70000076293945,5547700,49.70000076293945
2017-05-12,49.75,49.2400016784668,49.58000183105469,49.369998931884766,4933700,49.369998931884766
2017-05-15,50.0,49.25,49.310001373291016,49.77000045776367,4705900,49.77000045776367
2017-05-16,50.349998474121094,49.56999969482422,49.630001068115234,50.34000015258789,5347200,50.34000015258789
2017-05-17,50.099998474121094,49.025001525878906,49.869998931884766,49.04999923706055,6598400,49.04999923706055
2017-05-18,49.58000183105469,48.88999938964844,49.029998779296875,49.11000061035156,9932100,49.11000061035156
2017-05-19,49.709999084472656,49.060001373291016,49.150001525878906,49.38999938964844,7813800,49.38999938964844
2017-05-22,49.880001068115234,49.349998474121094,49.45000076293945,49.77000045776367,13144900,49.77000045776367
2017-05-23,50.18000030517578,49.77000045776367,49.900001525878906,50.130001068115234,7134200,50.130001068115234
2017-05-24,51.08000183105469,50.13999938964844,50.22999954223633,51.04999923706055,6274800,51.04999923706055
2017-05-25,51.130001068115234,50.63999938964844,50.77000045776367,50.93000030517578,4950500,50.93000030517578
2017-05-26,51.38999938964844,50.88999938964844,51.040000915527344,51.189998626708984,4749600,51.189998626708984
2017-05-30,51.279998779296875,50.86000061035156,50.959999084472656,51.060001373291016,5550300,51.060001373291016
2017-05-31,52.2400016784668,50.880001068115234,51.130001068115234,52.209999084472656,11107200,52.209999084472656
2017-06-01,53.38999938964844,52.474998474121094,52.47999954223633,53.15999984741211,13898300,53.15999984741211
2017-06-02,53.63999938964844,53.08000183105469,53.439998626708984,53.52000045776367,9121800,53.52000045776367
2017-06-05,54.06999969482422,53.59000015258789,53.77000045776367,53.79999923706055,9656400,53.79999923706055
2017-06-06,53.79999923706055,53.15999984741211,53.75,53.400001525878906,6308000,53.400001525878906
2017-06-07,53.939998626708984,53.2599983215332,53.29999923706055,53.849998474121094,6368700,53.849998474121094
2017-06-08,54.43000030517578,53.45000076293945,54.029998779296875,54.38999938964844,6369900,54.38999938964844
2017-06-09,55.13999938964844,52.849998474121094,54.650001525878906,53.400001525878906,11174100,53.400001525878906
2017-06-12,52.900001525878906,51.43000030517578,52.810001373291016,52.15999984741211,15765600,52.15999984741211
2017-06-13,52.48500061035156,51.70000076293945,52.290000915527344,52.060001373291016,10411800,52.060001373291016
2017-06-14,52.505001068115234,51.53499984741211,52.0,51.900001525878906,7132500,51.900001525878906
2017-06-15,52.380001068115234,50.83000183105469,51.439998626708984,52.290000915527344,12401600,52.290000915527344
2017-06-16,52.15999984741211,51.58000183105469,52.040000915527344,51.84000015258789,10931000,51.84000015258789
2017-06-19,53.0,52.11000061035156,52.279998779296875,52.93000030517578,5643900,52.93000030517578
2017-06-20,53.22999954223633,52.43000030517578,52.84000015258789,52.52000045776367,4578700,52.52000045776367
2017-06-21,53.58000183105469,52.61000061035156,52.9900016784668,53.540000915527344,8016500,53.540000915527344
2017-06-22,53.95100021362305,52.86000061035156,53.709999084472656,53.869998931884766,9673000,53.869998931884766
2017-06-23,54.529998779296875,53.689998626708984,53.81999969482422,54.33000183105469,6257300,54.33000183105469
2017-06-26,55.099998474121094,53.650001525878906,54.439998626708984,53.7400016784668,4890300,53.7400016784668
2017-06-27,53.790000915527344,52.63999938964844,53.599998474121094,52.72999954223633,7706800,52.72999954223633
2017-06-28,54.439998626708984,52.650001525878906,52.75,54.38999938964844,7934300,54.38999938964844
2017-06-29,54.099998474121094,52.52000045776367,53.810001373291016,53.41999816894531,11616200,53.41999816894531
2017-06-30,54.25,53.290000915527344,53.599998474121094,53.66999816894531,8235000,53.66999816894531
2017-07-03,54.33000183105469,52.83000183105469,54.13999938964844,52.869998931884766,4831300,52.869998931884766
2017-07-05,54.75,52.939998626708984,53.0,54.61000061035156,9800600,54.61000061035156
2017-07-06,54.35100173950195,53.150001525878906,54.220001220703125,53.470001220703125,7447900,53.470001220703125
2017-07-07,54.47999954223633,53.52000045776367,53.70000076293945,53.970001220703125,4948100,53.970001220703125
2017-07-10,55.41999816894531,54.70000076293945,54.90999984741211,54.939998626708984,10469600,54.939998626708984
2017-07-11,55.20000076293945,54.33000183105469,54.91999816894531,54.7599983215332,9011500,54.7599983215332
2017-07-12,57.44499969482422,55.54999923706055,56.599998474121094,56.54999923706055,17490800,56.54999923706055
2017-07-13,57.90999984741211,56.79999923706055,57.29999923706055,57.900001525878906,14795500,57.900001525878906
2017-07-14,58.630001068115234,56.915000915527344,58.13999938964844,57.15999984741211,11777100,57.15999984741211
2017-07-17,57.599998474121094,57.02000045776367,57.529998779296875,57.58000183105469,5803300,57.58000183105469
2017-07-18,58.959999084472656,57.310001373291016,57.5,58.959999084472656,9477500,58.959999084472656
2017-07-19,58.619998931884766,57.54999923706055,58.310001373291016,58.349998474121094,9706700,58.349998474121094
2017-07-20,59.380001068115234,58.43000030517578,58.75,59.09000015258789,8057400,59.09000015258789
2017-07-21,59.33000183105469,58.59000015258789,59.0,58.66999816894531,7545000,58.66999816894531
2017-07-24,59.06999969482422,58.34000015258789,58.900001525878906,58.58000183105469,6429300,58.58000183105469
2017-07-25,58.83000183105469,58.189998626708984,58.72999954223633,58.2599983215332,8514000,58.2599983215332
2017-07-26,58.939998626708984,57.900001525878906,58.47999954223633,58.790000915527344,13615600,58.790000915527344
2017-07-27,61.29999923706055,57.69200134277344,61.0,60.150001525878906,22713400,60.150001525878906
2017-07-28,60.709999084472656,59.040000915527344,59.79999923706055,59.20000076293945,10800800,59.20000076293945
2017-07-31,59.63999938964844,58.52000045776367,59.369998931884766,58.54999923706055,7400700,58.54999923706055
2017-08-01,59.38999938964844,58.790000915527344,59.0,59.34000015258789,9079100,59.34000015258789
2017-08-02,59.709999084472656,58.439998626708984,59.66999816894531,59.119998931884766,6517300,59.119998931884766
2017-08-03,59.279998779296875,58.36000061035156,59.15999984741211,58.41999816894531,6260000,58.41999816894531
2017-08-04,58.93000030517578,58.31999969482422,58.619998931884766,58.86000061035156,6174100,58.86000061035156
2017-08-07,59.63999938964844,58.84000015258789,59.18000030517578,59.619998931884766,5887600,59.619998931884766
2017-08-08,59.880001068115234,59.25,59.61000061035156,59.47999954223633,6001900,59.47999954223633
2017-08-09,59.72999954223633,58.59000015258789,58.970001220703125,59.66999816894531,6023900,59.66999816894531
2017-08-10,59.369998931884766,57.810001373291016,59.2400016784668,58.02000045776367,9571200,58.02000045776367
2017-08-11,58.25,57.58000183105469,57.849998474121094,58.040000915527344,6961800,58.040000915527344
2017-08-14,59.2760009765625,58.270999908447266,58.61000061035156,59.060001373291016,7561800,59.060001373291016
2017-08-15,59.97999954223633,59.22999954223633,59.29999923706055,59.689998626708984,6483500,59.689998626708984
2017-08-16,60.70000076293945,59.599998474121094,59.95000076293945,60.290000915527344,5747000,60.290000915527344
2017-08-17,60.279998779296875,59.290000915527344,60.150001525878906,59.290000915527344,6744200,59.290000915527344
2017-08-18,59.81999969482422,58.939998626708984,59.36000061035156,59.439998626708984,4653300,59.439998626708984
2017-08-21,59.650001525878906,58.755001068115234,59.33000183105469,59.400001525878906,4243200,59.400001525878906
2017-08-22,61.0,59.439998626708984,59.720001220703125,60.84000015258789,5835700,60.84000015258789
2017-08-23,60.5099983215332,59.81999969482422,60.29999923706055,60.04999923706055,4532000,60.04999923706055
2017-08-24,60.43000030517578,59.11000061035156,60.220001220703125,60.0,4045300,60.0
2017-08-25,60.58000183105469,59.61000061035156,60.33000183105469,59.970001220703125,4087400,59.970001220703125
2017-08-28,60.529998779296875,59.810001373291016,60.310001373291016,60.529998779296875,4660600,60.529998779296875
2017-08-29,61.15999984741211,59.630001068115234,59.81999969482422,61.0099983215332,4359300,61.0099983215332
2017-08-30,61.86000061035156,60.88999938964844,61.04999923706055,61.77000045776367,5696000,61.77000045776367
2017-08-31,62.02899932861328,61.16999816894531,62.0,61.68000030517578,6145800,61.68000030517578
2017-09-01,62.22999954223633,61.382999420166016,61.97999954223633,61.459999084472656,3440400,61.459999084472656
2017-09-05,61.75,60.58000183105469,61.2599983215332,61.27000045776367,5501200,61.27000045776367
2017-09-06,61.9900016784668,60.900001525878906,61.7400016784668,61.2400016784668,5350900,61.2400016784668
2017-09-07,62.130001068115234,61.279998779296875,61.33000183105469,62.0,5022700,62.0
2017-09-08,62.0,61.099998474121094,61.939998626708984,61.130001068115234,4942600,61.130001068115234
2017-09-11,63.2599983215332,61.619998931884766,61.72999954223633,62.63999938964844,8266300,62.63999938964844
2017-09-12,63.119998931884766,62.150001525878906,62.95000076293945,62.560001373291016,6276600,62.560001373291016
2017-09-13,62.75,61.58000183105469,62.470001220703125,62.040000915527344,6380900,62.040000915527344
2017-09-14,62.369998931884766,61.709999084472656,62.040000915527344,62.2400016784668,5697800,62.2400016784668
2017-09-15,62.79999923706055,61.959999084472656,62.27000045776367,62.5,9940900,62.5
2017-09-18,63.529998779296875,62.52000045776367,62.619998931884766,62.91999816894531,7688000,62.91999816894531
2017-09-19,63.92499923706055,62.959999084472656,63.0099983215332,63.83000183105469,7774000,63.83000183105469
2017-09-20,64.87000274658203,63.83000183105469,63.9900016784668,64.73999786376953,11903600,64.73999786376953
2017-09-21,64.94999694824219,63.904998779296875,64.66999816894531,64.62999725341797,6727300,64.62999725341797
2017-09-22,65.23999786376953,64.11000061035156,64.33000183105469,65.08000183105469,6743800,65.08000183105469
2017-09-25,65.0,62.3650016784668,65.0,63.5,13156900,63.5
2017-09-26,63.762001037597656,62.84000015258789,63.709999084472656,62.939998626708984,8551900,62.939998626708984
2017-09-27,63.75,63.15999984741211,63.40999984741211,63.33000183105469,7380700,63.33000183105469
2017-09-28,64.05500030517578,63.11000061035156,63.619998931884766,63.93000030517578,4148000,63.93000030517578
2017-09-29,64.16999816894531,63.5,63.86000061035156,64.02999877929688,6891300,64.02999877929688
2017-10-02,65.12000274658203,64.0999984741211,64.5,64.18000030517578,5163300,64.18000030517578
2017-10-03,64.51000213623047,63.76100158691406,64.51000213623047,64.22000122070312,5633100,64.22000122070312
2017-10-04,64.30000305175781,63.689998626708984,64.30000305175781,64.01000213623047,4438800,64.01000213623047
2017-10-05,66.0,64.22000122070312,64.37999725341797,65.81999969482422,7445700,65.81999969482422
2017-10-06,66.41000366210938,65.79000091552734,66.0,66.05000305175781,6122000,66.05000305175781
2017-10-09,66.55000305175781,65.9000015258789,66.19999694824219,66.2300033569336,5517900,66.2300033569336
2017-10-10,66.66999816894531,65.79000091552734,66.5999984741211,66.04000091552734,5831800,66.04000091552734
2017-10-11,68.41999816894531,66.9800033569336,67.25,67.77999877929688,12005600,67.77999877929688
2017-10-12,68.9800033569336,67.80500030517578,68.0199966430664,68.86000061035156,8888300,68.86000061035156
2017-10-13,69.61000061035156,68.0,69.48999786376953,68.66000366210938,8640700,68.66000366210938
2017-10-16,69.19999694824219,67.27999877929688,69.04000091552734,67.30999755859375,9581800,67.30999755859375
2017-10-17,67.66999816894531,66.3499984741211,67.6500015258789,66.66999816894531,10844000,66.66999816894531
2017-10-18,67.5,67.0,67.4000015258789,67.26000213623047,7994300,67.26000213623047
2017-10-19,67.44999694824219,66.16000366210938,67.30000305175781,67.25,14546400,67.25
2017-10-20,71.7300033569336,69.69000244140625,71.33000183105469,70.97000122070312,34282800,70.97000122070312
2017-10-23,71.33000183105469,69.55000305175781,71.0199966430664,69.80000305175781,12232500,69.80000305175781
2017-10-24,70.56500244140625,69.66999816894531,69.7300033569336,70.20999908447266,12280400,70.20999908447266
2017-10-25,71.41999816894531,69.8499984741211,69.94000244140625,71.0199966430664,12755800,71.0199966430664
2017-10-26,72.06999969482422,71.04000091552734,71.45999908447266,71.33999633789062,8015100,71.33999633789062
2017-10-27,71.79000091552734,70.58000183105469,71.72000122070312,71.05999755859375,9256600,71.05999755859375
2017-10-30,71.54000091552734,70.52999877929688,71.44999694824219,71.1500015258789,7216000,71.1500015258789
2017-10-31,72.73999786376953,71.11000061035156,71.33999633789062,72.55999755859375,7555300,72.55999755859375
2017-11-01,72.98999786376953,71.69000244140625,72.77999877929688,72.37999725341797,6655600,72.37999725341797
2017-11-02,72.7760009765625,72.01000213623047,72.45999908447266,72.25,4535600,72.25
2017-11-03,73.41000366210938,71.94000244140625,72.37000274658203,73.38999938964844,6726400,73.38999938964844
2017-11-06,74.76000213623047,73.41999816894531,73.72000122070312,74.73999786376953,10156300,74.73999786376953
2017-11-07,75.44999694824219,74.19000244140625,75.16999816894531,74.41000366210938,7026600,74.41000366210938
2017-11-08,75.0,73.30999755859375,74.0,74.7699966430664,7593100,74.7699966430664
2017-11-09,74.19999694824219,72.41000366210938,74.0199966430664,74.0999984741211,8875500,74.0999984741211
2017-11-10,74.13999938964844,73.55999755859375,73.7699966430664,73.98999786376953,5714600,73.98999786376953
2017-11-13,74.29000091552734,73.33999633789062,73.61000061035156,74.02999877929688,5843600,74.02999877929688
2017-11-14,74.81999969482422,73.62000274658203,74.0999984741211,74.48999786376953,6281500,74.48999786376953
2017-11-15,74.4000015258789,73.18499755859375,74.30000305175781,73.43000030517578,6232500,73.43000030517578
2017-11-16,77.94000244140625,75.27999877929688,75.5,77.69999694824219,12856500,77.69999694824219
2017-11-17,78.01000213623047,75.80000305175781,78.01000213623047,76.37999725341797,11886700,76.37999725341797
2017-11-20,77.31999969482422,75.87999725341797,76.5999984741211,76.01000213623047,6841800,76.01000213623047
2017-11-21,78.43000030517578,76.8499984741211,77.08999633789062,77.7699966430664,10603100,77.7699966430664
2017-11-22,77.98999786376953,76.62000274658203,77.9000015258789,77.56999969482422,8073500,77.56999969482422
2017-11-24,78.9000015258789,77.69999694824219,77.80999755859375,78.56999969482422,4306600,78.56999969482422
2017-11-27,79.38500213623047,77.70999908447266,78.62999725341797,77.83999633789062,6780900,77.83999633789062
2017-11-28,78.2300033569336,77.24400329589844,77.94999694824219,77.79000091552734,8741500,77.79000091552734
2017-11-29,77.9800033569336,71.66999816894531,77.94999694824219,73.25,25202100,73.25
2017-11-30,75.87000274658203,73.54000091552734,73.7699966430664,75.7300033569336,15962000,75.7300033569336
2017-12-01,76.44000244140625,74.26000213623047,75.22000122070312,75.30000305175781,13387800,75.30000305175781
2017-12-04,75.74400329589844,68.61000061035156,75.58999633789062,70.97000122070312,26283600,70.97000122070312
2017-12-05,72.75,69.61000061035156,69.80999755859375,71.19999694824219,16634000,71.19999694824219
2017-12-06,73.19999694824219,70.83000183105469,70.88999938964844,73.13999938964844,9331400,73.13999938964844
2017-12-07,74.06900024414062,73.25,73.25,73.69000244140625,7937700,73.69000244140625
2017-12-08,74.70999908447266,72.5999984741211,74.70999908447266,72.91000366210938,8350400,72.91000366210938
2017-12-11,73.68000030517578,72.55999755859375,72.95999908447266,73.29000091552734,6421900,73.29000091552734
2017-12-12,74.30999755859375,73.0,73.44999694824219,73.62000274658203,6573500,73.62000274658203
2017-12-13,75.41999816894531,73.7699966430664,74.08000183105469,74.08999633789062,7196400,74.08999633789062
2017-12-14,75.52999877929688,74.19999694824219,74.5,74.26000213623047,7519600,74.26000213623047
2017-12-15,75.87000274658203,73.51000213623047,74.81999969482422,75.6500015258789,12543900,75.6500015258789
2017-12-18,76.3499984741211,75.19999694824219,76.30000305175781,75.31999969482422,8361100,75.31999969482422
2017-12-19,75.38999938964844,73.91000366210938,75.38999938964844,74.5,7753100,74.5
2017-12-20,74.9000015258789,73.76000213623047,74.63999938964844,74.0,6121300,74.0
2017-12-21,74.47000122070312,73.80000305175781,74.19000244140625,74.0199966430664,4763900,74.0199966430664
2017-12-22,74.04000091552734,72.9000015258789,73.80000305175781,73.88999938964844,3890200,73.88999938964844
2017-12-26,74.33999633789062,72.62999725341797,73.29000091552734,74.2699966430664,4919100,74.2699966430664
2017-12-27,74.93000030517578,74.0,74.25,74.58999633789062,4461500,74.58999633789062
2017-12-28,75.0,73.86000061035156,74.95999908447266,74.16999816894531,3810200,74.16999816894531
2017-12-29,74.52999877929688,73.58000183105469,73.91999816894531,73.62000274658203,4461500,73.62000274658203
2018-01-02,74.5,73.43000030517578,74.23500061035156,73.83999633789062,7296500,73.83999633789062
2018-01-03,76.8499984741211,74.05000305175781,74.30000305175781,76.75,9945400,76.75
2018-01-04,77.92900085449219,76.26000213623047,77.33000183105469,76.7300033569336,8650000,76.7300033569336
2018-01-05,78.93000030517578,77.01000213623047,77.11000061035156,78.69999694824219,11822100,78.69999694824219
2018-01-08,79.18000030517578,77.77300262451172,78.69999694824219,79.05000305175781,7963600,79.05000305175781
2018-01-09,80.38999938964844,78.5199966430664,80.0999984741211,79.19000244140625,9620400,79.19000244140625
2018-01-10,79.48500061035156,77.69999694824219,78.5,79.37000274658203,6248600,79.37000274658203
2018-01-11,79.87000274658203,78.91000366210938,79.44999694824219,79.75,6267500,79.75
2018-01-12,80.7699966430664,79.66000366210938,80.0,80.54000091552734,6891100,80.54000091552734
2018-01-16,81.80000305175781,79.94000244140625,80.94999694824219,80.41999816894531,9596600,80.41999816894531
2018-01-17,82.61000061035156,79.95999908447266,80.4000015258789,82.47000122070312,6997800,82.47000122070312
2018-01-18,83.44000244140625,81.61000061035156,82.43000030517578,82.94000244140625,7395100,82.94000244140625
2018-01-19,84.19000244140625,83.12799835205078,83.2300033569336,83.83999633789062,8783500,83.83999633789062
2018-01-22,84.20999908447266,83.22000122070312,84.0,83.9800033569336,7560500,83.9800033569336
2018-01-23,84.55000305175781,83.44999694824219,84.12000274658203,84.20999908447266,9736400,84.20999908447266
2018-01-24,85.29000091552734,82.70999908447266,84.5199966430664,83.70999908447266,8735700,83.70999908447266
2018-01-25,85.2699966430664,83.70999908447266,84.0,84.33999633789062,7268300,84.33999633789062
2018-01-26,85.48999786376953,84.04000091552734,84.45999908447266,85.44999694824219,7840300,85.44999694824219
2018-01-29,85.3499984741211,83.62000274658203,85.19999694824219,84.30999755859375,8198900,84.30999755859375
2018-01-30,84.16999816894531,82.0,83.0,83.77999877929688,7864500,83.77999877929688
2018-01-31,86.31999969482422,84.16000366210938,84.18000030517578,85.31999969482422,15221400,85.31999969482422
2018-02-01,80.94999694824219,76.69999694824219,79.94999694824219,78.4000015258789,44271600,78.4000015258789
2018-02-02,79.62000274658203,76.27999877929688,78.0999984741211,76.56999969482422,21979800,76.56999969482422
2018-02-05,78.9800033569336,74.68000030517578,75.94999694824219,74.70500183105469,18810600,74.70500183105469
2018-02-06,76.51499938964844,72.25,72.62999725341797,75.68000030517578,19739600,75.68000030517578
2018-02-07,77.58000183105469,74.94000244140625,75.3499984741211,75.58999633789062,11988000,75.58999633789062
2018-02-08,75.91000366210938,72.2699966430664,75.62999725341797,72.31999969482422,13665400,72.31999969482422
2018-02-09,75.2699966430664,71.62999725341797,73.13999938964844,74.75,14339400,74.75
2018-02-12,76.27999877929688,74.85199737548828,75.48999786376953,75.27999877929688,10419600,75.27999877929688
2018-02-13,75.5999984741211,74.55000305175781,74.80999755859375,74.97000122070312,7743600,74.97000122070312
2018-02-14,77.36000061035156,74.12999725341797,74.18000030517578,77.2699966430664,8955800,77.2699966430664
2018-02-15,78.30000305175781,76.58000183105469,78.01000213623047,78.29499816894531,9311000,78.29499816894531
2018-02-16,78.75,77.52999877929688,78.19999694824219,78.37000274658203,9758500,78.37000274658203
2018-02-20,78.54000091552734,76.66000366210938,77.69999694824219,77.05999755859375,6875400,77.05999755859375
2018-02-21,78.49600219726562,76.46499633789062,77.19999694824219,76.51000213623047,8260400,76.51000213623047
2018-02-22,78.37000274658203,76.7699966430664,76.80000305175781,77.69999694824219,6632300,77.69999694824219
2018-02-23,79.69999694824219,77.39099884033203,78.26000213623047,79.69000244140625,7520700,79.69000244140625
2018-02-26,80.05000305175781,78.9800033569336,80.0,79.3499984741211,7130700,79.3499984741211
2018-02-27,79.92900085449219,78.61000061035156,79.11000061035156,79.45999908447266,8862000,79.45999908447266
2018-02-28,82.16999816894531,79.38999938964844,79.9000015258789,79.41000366210938,10799500,79.41000366210938
2018-03-01,80.44000244140625,77.87999725341797,79.5999984741211,78.63999938964844,8443300,78.63999938964844
2018-03-02,79.11000061035156,76.93000030517578,77.5199966430664,78.87000274658203,9426200,78.87000274658203
2018-03-05,79.41999816894531,77.08999633789062,78.06999969482422,79.06999969482422,6653000,79.06999969482422
2018-03-06,79.94999694824219,78.8499984741211,79.33000183105469,79.2300033569336,7477800,79.2300033569336
2018-03-07,79.55500030517578,78.01000213623047,78.6500015258789,79.5199966430664,5546700,79.5199966430664
2018-03-08,80.48999786376953,79.52999877929688,79.8499984741211,79.87000274658203,6878600,79.87000274658203
2018-03-09,80.8499984741211,80.11000061035156,80.26000213623047,80.70999908447266,7667600,80.70999908447266
2018-03-12,81.16999816894531,80.3499984741211,80.75,80.5999984741211,6607600,80.5999984741211
2018-03-13,80.98999786376953,79.2699966430664,80.69000244140625,80.19999694824219,6414700,80.19999694824219
2018-03-14,83.5,80.63999938964844,80.73999786376953,83.30999755859375,14281100,83.30999755859375
2018-03-15,83.98999786376953,81.56999969482422,83.75,82.56999969482422,9082000,82.56999969482422
2018-03-16,83.2300033569336,81.2699966430664,82.80000305175781,82.16000366210938,8356200,82.16000366210938
2018-03-19,81.44000244140625,79.11000061035156,80.88999938964844,80.30000305175781,9028900,80.30000305175781
2018-03-20,81.19000244140625,80.05400085449219,80.18000030517578,80.86000061035156,7388100,80.86000061035156
2018-03-21,82.3499984741211,80.51000213623047,80.94000244140625,81.04000091552734,6757200,81.04000091552734
2018-03-22,80.12000274658203,78.45999908447266,79.80999755859375,78.55999755859375,9608400,78.55999755859375
2018-03-23,78.97000122070312,76.3499984741211,78.5,76.44000244140625,9569100,76.44000244140625
2018-03-26,79.16999816894531,77.02999877929688,77.9800033569336,78.94999694824219,8682600,78.94999694824219
2018-03-27,79.9000015258789,75.6500015258789,79.58999633789062,76.30999755859375,7980300,76.30999755859375
2018-03-28,76.75,74.73999786376953,75.69999694824219,75.05999755859375,14370300,75.05999755859375
2018-03-29,77.19999694824219,74.55000305175781,75.30999755859375,75.87000274658203,11064300,75.87000274658203
2018-04-02,76.30000305175781,74.01000213623047,75.2300033569336,75.0,11417700,75.0
2018-04-03,75.41000366210938,73.3499984741211,75.27999877929688,74.55999755859375,8886000,74.55999755859375
2018-04-04,75.05999755859375,72.5199966430664,73.0,74.77999877929688,8230800,74.77999877929688
2018-04-05,77.81999969482422,75.4800033569336,75.58999633789062,76.94999694824219,10015700,76.94999694824219
2018-04-06,76.4000015258789,73.69999694824219,75.5199966430664,73.86000061035156,8179100,73.86000061035156
2018-04-09,76.87999725341797,74.5999984741211,74.5999984741211,75.19000244140625,7328400,75.19000244140625
2018-04-10,77.30999755859375,75.80000305175781,76.51000213623047,76.79000091552734,5882500,76.79000091552734
2018-04-11,77.4000015258789,76.08000183105469,76.19999694824219,76.5,4581000,76.5
2018-04-12,77.98999786376953,76.61000061035156,76.80000305175781,77.45999908447266,5034800,77.45999908447266
2018-04-13,78.62999725341797,76.83000183105469,78.0,77.2699966430664,5909900,77.2699966430664
2018-04-16,78.5,77.19000244140625,77.87999725341797,77.80000305175781,5101400,77.80000305175781
2018-04-17,80.43000030517578,78.5,78.55000305175781,80.02999877929688,7135700,80.02999877929688
2018-04-18,80.88999938964844,79.31999969482422,80.0999984741211,80.33999633789062,5943700,80.33999633789062
2018-04-19,80.38999938964844,79.19000244140625,80.19999694824219,79.68000030517578,7122700,79.68000030517578
2018-04-20,79.87000274658203,78.30000305175781,79.22000122070312,78.7300033569336,6265300,78.7300033569336
2018-04-23,79.44999694824219,77.98999786376953,78.86000061035156,78.20999908447266,4038500,78.20999908447266
2018-04-24,79.4000015258789,75.08000183105469,78.9000015258789,75.27999877929688,9186600,75.27999877929688
2018-04-25,75.57499694824219,73.69999694824219,75.38999938964844,74.0,10681000,74.0
2018-04-26,77.62000274658203,75.48999786376953,76.31999969482422,76.02999877929688,13625300,76.02999877929688
2018-04-27,76.38999938964844,73.63500213623047,76.20999908447266,74.12999725341797,9794300,74.12999725341797
2018-04-30,75.01899719238281,73.69000244140625,74.0,74.61000061035156,9444400,74.61000061035156
2018-05-01,74.98999786376953,73.5999984741211,74.1500015258789,74.80999755859375,5660200,74.80999755859375
2018-05-02,75.70999908447266,71.20999908447266,75.0,71.7300033569336,17710700,71.7300033569336
2018-05-03,73.7699966430664,70.22000122070312,71.30000305175781,73.44999694824219,17310700,73.44999694824219
2018-05-04,74.44000244140625,72.2300033569336,73.19000244140625,73.98999786376953,7470800,73.98999786376953
2018-05-07,75.12000274658203,74.0999984741211,74.22000122070312,74.66999816894531,7583700,74.66999816894531
2018-05-08,75.94000244140625,74.44000244140625,74.62000274658203,75.72000122070312,6267200,75.72000122070312
2018-05-09,77.05000305175781,75.45999908447266,76.08000183105469,77.01000213623047,6230500,77.01000213623047
2018-05-10,79.25499725341797,77.25,77.38999938964844,79.19000244140625,11541400,79.19000244140625
2018-05-11,79.38999938964844,78.08000183105469,79.25,79.19999694824219,9871300,79.19999694824219
2018-05-14,79.6500015258789,78.44000244140625,79.13999938964844,78.80999755859375,5821200,78.80999755859375
2018-05-15,78.19999694824219,76.93000030517578,77.8499984741211,77.79000091552734,6173500,77.79000091552734
2018-05-16,78.54000091552734,77.27999877929688,77.5,77.81999969482422,5350200,77.81999969482422
2018-05-17,81.16000366210938,77.58999633789062,77.62999725341797,79.19000244140625,8329500,79.19000244140625
2018-05-18,81.94000244140625,79.82499694824219,79.9000015258789,80.79000091552734,14626900,80.79000091552734
2018-05-21,82.31999969482422,80.37000274658203,81.61000061035156,81.25,7882100,81.25
2018-05-22,81.61000061035156,80.27999877929688,81.38999938964844,80.62000274658203,5188300,80.62000274658203
2018-05-23,81.12000274658203,79.40499877929688,79.66000366210938,81.08000183105469,4955000,81.08000183105469
2018-05-24,83.05999755859375,79.66000366210938,80.91000366210938,81.55000305175781,11696800,81.55000305175781
2018-05-25,82.72000122070312,80.48999786376953,82.6500015258789,80.95999908447266,9471300,80.95999908447266
2018-05-29,81.33999633789062,80.19999694824219,80.70999908447266,80.7300033569336,6924200,80.7300033569336
2018-05-30,82.05999755859375,80.9000015258789,81.16100311279297,81.5999984741211,5516200,81.5999984741211
2018-05-31,82.83000183105469,81.55000305175781,81.80999755859375,82.06999969482422,8250100,82.06999969482422
2018-06-01,83.45999908447266,81.8499984741211,82.55000305175781,83.25,7092100,83.25
2018-06-04,84.80000305175781,82.7699966430664,83.2300033569336,84.56999969482422,7423700,84.56999969482422
2018-06-05,85.19999694824219,84.01000213623047,84.5,85.05000305175781,9033600,85.05000305175781
2018-06-06,85.61000061035156,84.5,85.05000305175781,85.20999908447266,7867200,85.20999908447266
2018-06-07,85.30000305175781,82.30999755859375,85.20999908447266,83.2699966430664,7838600,83.2699966430664
2018-06-08,84.48999786376953,83.1500015258789,83.2300033569336,84.33999633789062,7430900,84.33999633789062
2018-06-11,84.58999633789062,83.79000091552734,84.44999694824219,83.88999938964844,4870400,83.88999938964844
2018-06-12,86.19999694824219,83.875,83.93000030517578,85.0199966430664,9216900,85.0199966430664
2018-06-13,86.0,84.68000030517578,85.5,85.2699966430664,7510300,85.2699966430664
2018-06-14,86.29499816894531,85.20999908447266,85.5,85.61000061035156,6643400,85.61000061035156
2018-06-15,85.69000244140625,84.0999984741211,85.33000183105469,85.30999755859375,8710800,85.30999755859375
2018-06-18,86.19999694824219,84.44000244140625,84.83999633789062,85.8499984741211,5579400,85.8499984741211
2018-06-19,84.95999908447266,83.43000030517578,84.63999938964844,84.5199966430664,6245100,84.5199966430664
2018-06-20,86.97000122070312,84.81999969482422,84.86000061035156,85.94999694824219,9174900,85.94999694824219
2018-06-21,87.55000305175781,85.44999694824219,86.5,85.97000122070312,8101300,85.97000122070312
2018-06-22,86.55999755859375,84.61000061035156,86.31999969482422,85.12000274658203,7503400,85.12000274658203
2018-06-25,84.47000122070312,81.20999908447266,84.08000183105469,82.19000244140625,10780100,82.19000244140625
2018-06-26,83.20999908447266,81.7699966430664,82.68000030517578,82.31999969482422,6742200,82.31999969482422
2018-06-27,82.97000122070312,80.4530029296875,82.55000305175781,80.66999816894531,8974100,80.66999816894531
2018-06-28,82.83000183105469,80.16000366210938,80.38999938964844,82.4800033569336,7374500,82.4800033569336
2018-06-29,83.66000366210938,82.61000061035156,82.75,83.2699966430664,6817000,83.2699966430664
2018-07-02,83.95999908447266,82.06199645996094,82.75,83.88999938964844,4929400,83.88999938964844
2018-07-03,84.9000015258789,83.1500015258789,84.36000061035156,83.2699966430664,3644100,83.2699966430664
2018-07-05,84.63999938964844,83.30000305175781,83.63999938964844,84.58999633789062,5287700,84.58999633789062
2018-07-06,86.0,83.94000244140625,84.41000366210938,85.94000244140625,5095500,85.94000244140625
2018-07-09,86.9000015258789,85.3479995727539,86.5999984741211,86.2300033569336,5683500,86.2300033569336
2018-07-10,86.72000122070312,85.7699966430664,86.72000122070312,86.16999816894531,3723200,86.16999816894531
2018-07-11,86.86000061035156,85.06999969482422,85.47000122070312,86.25,4153200,86.25
2018-07-12,89.19000244140625,86.80000305175781,87.19999694824219,89.12999725341797,6912300,89.12999725341797
2018-07-13,89.0999984741211,86.83000183105469,89.0,87.98999786376953,6106400,87.98999786376953
2018-07-16,88.34100341796875,87.4800033569336,88.26000213623047,87.7699966430664,4452300,87.7699966430664
2018-07-17,88.72000122070312,86.58999633789062,87.25,88.58000183105469,5086100,88.58000183105469
2018-07-18,88.93000030517578,87.68000030517578,88.69999694824219,88.22000122070312,4797100,88.22000122070312
2018-07-19,88.58999633789062,87.16000366210938,88.0,87.37999725341797,5612900,87.37999725341797
2018-07-20,88.0,87.13999938964844,87.31999969482422,87.47000122070312,7541500,87.47000122070312
2018-07-23,89.5999984741211,85.81999969482422,87.13999938964844,89.23999786376953,11759700,89.23999786376953
2018-07-24,92.3499984741211,90.41300201416016,90.5999984741211,91.41000366210938,13369400,91.41000366210938
2018-07-25,92.3499984741211,91.01000213623047,91.12999725341797,91.37000274658203,11976800,91.37000274658203
2018-07-26,90.68000030517578,87.25,88.51000213623047,89.13999938964844,14505600,89.13999938964844
2018-07-27,90.27999877929688,84.75,89.5,85.45999908447266,14903400,85.45999908447266
2018-07-30,85.5,81.8499984741211,85.5,82.38999938964844,13501500,82.38999938964844
2018-07-31,83.31999969482422,81.30000305175781,82.51000213623047,82.13999938964844,13462200,82.13999938964844
2018-08-01,83.9800033569336,82.01000213623047,82.23999786376953,83.45999908447266,11160400,83.45999908447266
2018-08-02,85.58999633789062,82.8499984741211,82.94999694824219,85.52999877929688,8327200,85.52999877929688
2018-08-03,86.19999694824219,84.1500015258789,85.98999786376953,85.19000244140625,6216400,85.19000244140625
2018-08-06,86.0999984741211,84.9000015258789,85.19000244140625,85.7699966430664,5702500,85.7699966430664
2018-08-07,86.98999786376953,85.94999694824219,86.30000305175781,86.30000305175781,4951200,86.30000305175781
2018-08-08,87.09500122070312,85.86000061035156,86.2300033569336,86.73999786376953,3888900,86.73999786376953
2018-08-09,88.08999633789062,86.4800033569336,86.91000366210938,87.16999816894531,5498600,87.16999816894531
2018-08-10,88.02999877929688,86.01000213623047,86.55000305175781,87.01000213623047,5796500,87.01000213623047
2018-08-13,88.5,86.95999908447266,87.41999816894531,87.01000213623047,5977900,87.01000213623047
2018-08-14,87.83000183105469,86.4800033569336,87.37000274658203,87.7300033569336,6107400,87.7300033569336
2018-08-15,87.25,84.61000061035156,86.77999877929688,85.19000244140625,8742900,85.19000244140625
2018-08-16,85.9000015258789,84.87000274658203,85.8499984741211,85.31999969482422,5967200,85.31999969482422
2018-08-17,85.7699966430664,84.22000122070312,85.0999984741211,85.44999694824219,6245000,85.44999694824219
2018-08-20,86.0,84.9000015258789,85.73999786376953,85.75,4103000,85.75
2018-08-21,87.37999725341797,85.81999969482422,85.81999969482422,86.22000122070312,5389600,86.22000122070312
2018-08-22,87.16000366210938,85.62999725341797,86.0,86.94999694824219,4265900,86.94999694824219
2018-08-23,88.17500305175781,86.66999816894531,86.72000122070312,87.37999725341797,4310000,87.37999725341797
2018-08-24,90.12999725341797,87.94999694824219,87.94999694824219,90.0999984741211,7403900,90.0999984741211
2018-08-27,91.31999969482422,89.77999877929688,90.68000030517578,89.97000122070312,5466700,89.97000122070312
2018-08-28,90.8499984741211,89.68000030517578,90.0999984741211,90.61000061035156,4643800,90.61000061035156
2018-08-29,92.94000244140625,90.77999877929688,90.77999877929688,92.62000274658203,7841800,92.62000274658203
2018-08-30,93.01000213623047,91.70999908447266,92.29000091552734,92.08999633789062,7146600,92.08999633789062
2018-08-31,92.73999786376953,91.80000305175781,91.83999633789062,92.33000183105469,4874400,92.33000183105469
2018-09-04,93.44000244140625,91.62000274658203,91.94000244140625,93.06999969482422,6466700,93.06999969482422
2018-09-05,93.0,88.69999694824219,92.9800033569336,89.05000305175781,10202200,89.05000305175781
2018-09-06,89.55500030517578,88.05999755859375,89.18000030517578,89.0,6840300,89.0
2018-09-07,89.68000030517578,87.38999938964844,88.12999725341797,88.81999969482422,5679500,88.81999969482422
2018-09-10,89.98999786376953,88.55999755859375,89.43000030517578,89.80000305175781,5466000,89.80000305175781
2018-09-11,91.70999908447266,89.03500366210938,89.83000183105469,91.43000030517578,7321900,91.43000030517578
2018-09-12,92.45999908447266,90.20999908447266,91.52999877929688,92.4000015258789,7213500,92.4000015258789
2018-09-13,93.69999694824219,92.05999755859375,92.5999984741211,92.19000244140625,8308300,92.19000244140625
2018-09-14,92.68000030517578,90.68000030517578,92.25,90.77999877929688,9342800,90.77999877929688
2018-09-17,91.30000305175781,88.51000213623047,90.66000366210938,88.68000030517578,9293800,88.68000030517578
2018-09-18,90.08999633789062,88.70999908447266,88.70999908447266,89.72000122070312,5820700,89.72000122070312
2018-09-19,90.73999786376953,88.23799896240234,90.0999984741211,89.30999755859375,5495100,89.30999755859375
2018-09-20,90.77999877929688,89.18499755859375,89.83999633789062,90.5999984741211,6561700,90.5999984741211
2018-09-21,92.0,90.41999816894531,91.05000305175781,90.62000274658203,25379400,90.62000274658203
2018-09-24,90.26000213623047,88.26000213623047,89.94999694824219,89.62000274658203,8303100,89.62000274658203
2018-09-25,90.37999725341797,89.2750015258789,89.62000274658203,90.04000091552734,5953400,90.04000091552734
2018-09-26,90.93000030517578,89.69999694824219,90.33999633789062,89.8499984741211,5936200,89.8499984741211
2018-09-27,90.69999694824219,88.86000061035156,90.61000061035156,88.98999786376953,6996600,88.98999786376953
2018-09-28,89.04499816894531,87.5999984741211,88.79000091552734,87.83999633789062,7920600,87.83999633789062
2018-10-01,88.80000305175781,87.4000015258789,88.12999725341797,87.55000305175781,9260600,87.55000305175781
2018-10-02,87.3499984741211,85.83000183105469,87.2699966430664,86.68000030517578,6488200,86.68000030517578
2018-10-03,87.94999694824219,86.37000274658203,87.4000015258789,87.1500015258789,6625000,87.1500015258789
2018-10-04,86.5,83.54000091552734,86.38999938964844,84.33999633789062,9077900,84.33999633789062
2018-10-05,84.83999633789062,82.31999969482422,84.20999908447266,83.18000030517578,10735800,83.18000030517578
2018-10-08,82.88999938964844,78.6500015258789,82.62000274658203,80.55000305175781,16872200,80.55000305175781
2018-10-09,81.83999633789062,79.44000244140625,80.6500015258789,80.02999877929688,9332400,80.02999877929688
2018-10-10,79.91000366210938,75.31999969482422,79.61000061035156,75.44999694824219,16920300,75.44999694824219
2018-10-11,77.78500366210938,74.66000366210938,76.80999755859375,75.9000015258789,21006500,75.9000015258789
2018-10-12,79.5999984741211,77.79000091552734,79.12000274658203,79.02999877929688,14131400,79.02999877929688
2018-10-15,79.13999938964844,77.22000122070312,78.87999725341797,77.2300033569336,8481100,77.2300033569336
2018-10-16,80.91000366210938,78.45999908447266,78.8499984741211,80.61000061035156,10060000,80.61000061035156
2018-10-17,81.38999938964844,79.5,81.19000244140625,80.08999633789062,10022600,80.08999633789062
2018-10-18,80.44000244140625,77.36000061035156,80.16999816894531,77.4800033569336,19748500,77.4800033569336
2018-10-19,86.16999816894531,82.91999816894531,83.75,84.77999877929688,34211900,84.77999877929688
2018-10-22,86.2300033569336,83.57099914550781,84.86000061035156,85.43000030517578,11254800,85.43000030517578
2018-10-23,87.80000305175781,82.98999786376953,83.19999694824219,87.56999969482422,14753800,87.56999969482422
2018-10-24,87.69000244140625,83.01000213623047,87.04000091552734,83.08999633789062,14754600,83.08999633789062
2018-10-25,86.51000213623047,83.55999755859375,84.23999786376953,85.95999908447266,9267600,85.95999908447266
2018-10-26,85.66000366210938,82.18000030517578,83.22000122070312,83.37000274658203,13969400,83.37000274658203
2018-10-29,85.23999786376953,78.98999786376953,84.73999786376953,81.1500015258789,12918800,81.1500015258789
2018-10-30,81.95999908447266,79.41999816894531,80.33000183105469,80.9000015258789,13100800,80.9000015258789
2018-10-31,85.3499984741211,82.30000305175781,82.37000274658203,84.19000244140625,11191800,84.19000244140625
2018-11-01,85.1500015258789,83.56999969482422,84.18000030517578,85.04000091552734,5952600,85.04000091552734
2018-11-02,86.10399627685547,82.6500015258789,85.45999908447266,83.51000213623047,7014400,83.51000213623047
2018-11-05,84.25,82.25,83.33000183105469,84.05000305175781,4622300,84.05000305175781
2018-11-06,85.30999755859375,83.72000122070312,84.0999984741211,84.69000244140625,4662500,84.69000244140625
2018-11-07,88.48999786376953,85.7300033569336,85.86000061035156,88.2300033569336,8672000,88.2300033569336
2018-11-08,89.05999755859375,87.68000030517578,87.69999694824219,89.04000091552734,7539000,89.04000091552734
2018-11-09,88.44999694824219,85.55000305175781,88.44999694824219,86.76000213623047,9105900,86.76000213623047
2018-11-12,86.6500015258789,83.30000305175781,86.16999816894531,83.77999877929688,6278200,83.77999877929688
2018-11-13,85.22899627685547,83.16000366210938,84.12000274658203,83.77999877929688,4731300,83.77999877929688
2018-11-14,85.13999938964844,83.06999969482422,84.9800033569336,84.05000305175781,6678100,84.05000305175781
2018-11-15,87.08999633789062,83.5999984741211,83.79000091552734,86.73999786376953,10001200,86.73999786376953
2018-11-16,86.72000122070312,84.83000183105469,86.0,85.05999755859375,7581000,85.05999755859375
2018-11-19,85.19000244140625,79.9000015258789,84.7699966430664,80.12999725341797,11455300,80.12999725341797
2018-11-20,79.08000183105469,75.47000122070312,77.0,77.76000213623047,14202100,77.76000213623047
2018-11-21,79.88999938964844,77.63500213623047,79.08999633789062,79.12000274658203,8522900,79.12000274658203
2018-11-23,79.70999908447266,77.9000015258789,78.08999633789062,77.94999694824219,3066900,77.94999694824219
2018-11-26,80.9800033569336,78.86000061035156,78.97000122070312,80.86000061035156,9292900,80.86000061035156
2018-11-27,82.0,80.20500183105469,81.0,81.97000122070312,5335200,81.97000122070312
2018-11-28,86.0,81.94999694824219,82.2699966430664,85.9800033569336,9342000,85.9800033569336
2018-11-29,85.67500305175781,83.79000091552734,85.37000274658203,84.26000213623047,6516600,84.26000213623047
2018-11-30,85.86000061035156,83.66000366210938,84.38999938964844,85.80999755859375,11273300,85.80999755859375
2018-12-03,88.83999633789062,87.19000244140625,87.29000091552734,87.9800033569336,10822500,87.9800033569336
2018-12-04,88.47000122070312,84.0199966430664,87.23999786376953,84.19000244140625,8249900,84.19000244140625
2018-12-06,85.86000061035156,81.29000091552734,81.81999969482422,85.81999969482422,10197700,85.81999969482422
2018-12-07,85.98999786376953,81.97000122070312,84.95999908447266,82.7699966430664,8419500,82.7699966430664
2018-12-10,85.5,82.76000213623047,83.25,84.93000030517578,9348200,84.93000030517578
2018-12-11,86.9000015258789,84.55999755859375,86.01000213623047,85.51000213623047,8159100,85.51000213623047
2018-12-12,88.45999908447266,86.5,86.83999633789062,86.5,10306800,86.5
2018-12-13,88.70999908447266,86.41000366210938,87.7300033569336,87.55999755859375,8877300,87.55999755859375
2018-12-14,87.94000244140625,85.41999816894531,86.37999725341797,85.91999816894531,6869100,85.91999816894531
2018-12-17,86.30000305175781,83.35099792480469,85.69000244140625,84.0999984741211,8368100,84.0999984741211
2018-12-18,86.37000274658203,84.62000274658203,84.69999694824219,85.51000213623047,9573000,85.51000213623047
2018-12-19,87.80000305175781,82.93000030517578,85.62999725341797,84.02999877929688,11258400,84.02999877929688
2018-12-20,84.87000274658203,80.81999969482422,83.77999877929688,82.44000244140625,12532900,82.44000244140625
2018-12-21,83.7699966430664,77.69000244140625,82.80999755859375,78.13999938964844,17704900,78.13999938964844
2018-12-24,79.31999969482422,76.69999694824219,77.4800033569336,77.05999755859375,6800500,77.05999755859375
2018-12-26,82.80000305175781,77.6500015258789,77.69999694824219,82.80000305175781,10994700,82.80000305175781
2018-12-27,84.36000061035156,80.23999786376953,81.33000183105469,84.30999755859375,7849100,84.30999755859375
2018-12-28,85.2300033569336,82.33999633789062,85.0,83.26000213623047,6850400,83.26000213623047
2018-12-31,84.4800033569336,82.55000305175781,84.23999786376953,84.08999633789062,7247700,84.08999633789062
2019-01-02,86.19999694824219,82.23999786376953,82.37999725341797,85.75,10146200,85.75
2019-01-03,84.75,81.91000366210938,84.36000061035156,82.08999633789062,9650700,82.08999633789062
2019-01-04,86.91000366210938,83.37000274658203,83.70999908447266,86.2699966430664,9234800,86.2699966430664
2019-01-07,87.55000305175781,86.0199966430664,86.41999816894531,86.93000030517578,11094100,86.93000030517578
2019-01-08,88.8949966430664,87.69000244140625,88.11000061035156,88.69999694824219,8307600,88.69999694824219
2019-01-09,90.31500244140625,88.5,88.80999755859375,89.55000305175781,9578300,89.55000305175781
2019-01-10,90.79000091552734,87.91799926757812,89.0999984741211,90.69999694824219,7478100,90.69999694824219
2019-01-11,91.14399719238281,90.0999984741211,90.11000061035156,90.6500015258789,7398200,90.6500015258789
2019-01-14,90.80999755859375,89.55000305175781,89.95999908447266,90.43000030517578,6084700,90.43000030517578
2019-01-15,91.91000366210938,90.19000244140625,90.63999938964844,91.5999984741211,10377900,91.5999984741211
2019-01-16,92.3499984741211,90.20999908447266,91.72000122070312,90.55000305175781,8475000,90.55000305175781
2019-01-17,90.87000274658203,89.80999755859375,90.25,90.4000015258789,10254500,90.4000015258789
2019-01-18,91.44000244140625,89.77999877929688,91.3499984741211,91.12000274658203,11958400,91.12000274658203
2019-01-22,90.97000122070312,89.08999633789062,90.33000183105469,89.94000244140625,7890300,89.94000244140625
2019-01-23,91.16999816894531,89.56999969482422,90.73999786376953,90.5,5595700,90.5
2019-01-24,92.98999786376953,90.55000305175781,90.66999816894531,92.19999694824219,9749100,92.19999694824219
2019-01-25,94.58000183105469,92.69000244140625,93.05000305175781,94.27999877929688,11664300,94.27999877929688
2019-01-28,93.41999816894531,90.69000244140625,93.30000305175781,92.30000305175781,7361100,92.30000305175781
2019-01-29,92.8499984741211,90.56999969482422,92.33000183105469,91.12000274658203,6399900,91.12000274658203
2019-01-30,93.33999633789062,90.9000015258789,92.0199966430664,92.41999816894531,11622800,92.41999816894531
2019-01-31,90.08999633789062,86.62000274658203,89.0199966430664,88.76000213623047,23729900,88.76000213623047
2019-02-01,90.5,88.25,88.36000061035156,90.01000213623047,10514600,90.01000213623047
2019-02-04,92.12000274658203,89.70999908447266,89.87999725341797,91.66000366210938,7084500,91.66000366210938
2019-02-05,92.3499984741211,91.36000061035156,91.91000366210938,92.2699966430664,5591300,92.2699966430664
2019-02-06,92.29000091552734,90.19000244140625,90.80000305175781,92.25,5939400,92.25
2019-02-07,91.70999908447266,90.01000213623047,91.11000061035156,90.8499984741211,7283800,90.8499984741211
2019-02-08,91.91000366210938,90.0,90.0199966430664,91.87000274658203,7642100,91.87000274658203
2019-02-11,93.75,92.1500015258789,92.25,92.69000244140625,6455900,92.69000244140625
2019-02-12,94.51000213623047,93.19999694824219,93.44000244140625,94.37999725341797,7497000,94.37999725341797
2019-02-13,96.04000091552734,93.84400177001953,94.58999633789062,94.01000213623047,8577900,94.01000213623047
2019-02-14,94.98999786376953,93.0999984741211,93.6500015258789,94.41999816894531,6579200,94.41999816894531
2019-02-15,95.43000030517578,94.44999694824219,95.0,94.91000366210938,6080200,94.91000366210938
2019-02-19,95.30000305175781,94.05999755859375,94.44999694824219,95.0199966430664,8092400,95.0199966430664
2019-02-20,95.72000122070312,93.9800033569336,95.0,94.7300033569336,8154100,94.7300033569336
2019-02-21,95.51000213623047,94.33000183105469,94.72000122070312,94.95999908447266,6410000,94.95999908447266
2019-02-22,96.0,95.06999969482422,95.23999786376953,95.9800033569336,4898000,95.9800033569336
2019-02-25,97.30400085449219,96.0,96.06999969482422,96.69999694824219,7470700,96.69999694824219
2019-02-26,96.81999969482422,95.52999877929688,96.33999633789062,96.58999633789062,5906400,96.58999633789062
2019-02-27,98.04000091552734,95.93000030517578,96.11000061035156,97.86000061035156,5565400,97.86000061035156
2019-02-28,98.5250015258789,97.08000183105469,97.66000366210938,98.06999969482422,6151800,98.06999969482422
2019-03-01,99.44999694824219,98.33999633789062,98.91999816894531,98.80000305175781,5434000,98.80000305175781
2019-03-04,98.5,95.33999633789062,98.02999877929688,96.56999969482422,7855800,96.56999969482422
2019-03-05,97.13999938964844,96.1500015258789,96.6500015258789,96.52999877929688,6321900,96.52999877929688
2019-03-06,97.27999877929688,95.91000366210938,96.5199966430664,96.45999908447266,3226500,96.45999908447266
2019-03-07,96.75,95.30000305175781,96.16999816894531,96.20999908447266,6170100,96.20999908447266
2019-03-08,95.7699966430664,94.51000213623047,95.04000091552734,95.69000244140625,4577700,95.69000244140625
2019-03-11,97.56999969482422,95.9540023803711,96.01000213623047,97.44999694824219,5387500,97.44999694824219
2019-03-12,98.08000183105469,96.9000015258789,98.0,97.5,5624500,97.5
2019-03-13,100.58999633789062,98.13999938964844,98.19999694824219,99.30999755859375,9356600,99.30999755859375
2019-03-14,99.66999816894531,98.93000030517578,99.45999908447266,99.02999877929688,5414700,99.02999877929688
2019-03-15,101.26000213623047,99.33000183105469,99.4000015258789,100.7300033569336,10960900,100.7300033569336
2019-03-18,101.83000183105469,99.37000274658203,101.20999908447266,100.2699966430664,6454000,100.2699966430664
2019-03-19,101.68499755859375,100.5999984741211,100.5999984741211,101.54000091552734,6965100,101.54000091552734
2019-03-20,103.05000305175781,100.83999633789062,101.44999694824219,102.30999755859375,6462900,102.30999755859375
2019-03-21,104.55999755859375,102.08499908447266,102.1500015258789,104.1500015258789,7216700,104.1500015258789
2019-03-22,104.0,101.25,103.87000274658203,101.2699966430664,7195000,101.2699966430664
2019-03-25,102.18000030517578,100.51000213623047,100.94000244140625,101.55000305175781,5117700,101.55000305175781
2019-03-26,103.28500366210938,101.75,102.33999633789062,103.1500015258789,4498000,103.1500015258789
2019-03-27,104.16999816894531,101.73999786376953,103.19999694824219,103.06999969482422,5450200,103.06999969482422
2019-03-28,104.01000213623047,102.66999816894531,103.44999694824219,103.86000061035156,4459900,103.86000061035156
